metapopulation size: 3000
subpopulation size: 30
sexual reproduction produces 10 offspring
parthenogenetic reproduction produces 10 offspring
penalty for parthenogenetic-capable females reproducing sexually: 0
migration rate: 0
mutation rate: 0.00016666666666666666
recombination rate, interval 1: 0.5
recombination rate, interval 2: 0.5
each individual in the main population encounters 2 individuals
each individual in the subpopulation encounters 1 individuals
fitness overdominance (0=no, 1=yes): 1
maximum value of parthenogenetic allele that appeared: 0.49985689353337454
random seed: 355
generation     mean_Loc2           mean_Loc3           mean_Loc1           f_prod_sexually     sexual_offspring    f_prod_parth        parth_offspring     
1              0.00000             0.00041             0.50000             1085.00000          10850.00000         410.00000           0.00000             
2              0.00000             0.00049             0.50000             1112.00000          11120.00000         369.00000           0.00000             
3              0.00000             0.00111             0.50000             1140.00000          11400.00000         393.00000           0.00000             
4              0.00024             0.00074             0.50000             1096.00000          10960.00000         419.00000           0.00000             
5              0.00012             0.00147             0.50000             1160.00000          11600.00000         351.00000           0.00000             
6              0.00039             0.00172             0.50000             1089.00000          10890.00000         373.00000           10.00000            
7              0.00024             0.00135             0.50000             1150.00000          11500.00000         393.00000           0.00000             
8              0.00060             0.00074             0.50000             1120.00000          11200.00000         359.00000           0.00000             
9              0.00131             0.00089             0.50000             1148.00000          11480.00000         379.00000           0.00000             
10             0.00108             0.00105             0.50000             1104.00000          11040.00000         359.00000           10.00000            
11             0.00132             0.00037             0.50000             1114.00000          11140.00000         379.00000           0.00000             
12             0.00126             0.00123             0.50000             1109.00000          11090.00000         391.00000           0.00000             
13             0.00127             0.00075             0.50000             1108.00000          11080.00000         363.00000           0.00000             
14             0.00148             0.00102             0.50000             1101.00000          11010.00000         385.00000           0.00000             
15             0.00131             0.00186             0.50000             1152.00000          11520.00000         354.00000           10.00000            
16             0.00198             0.00240             0.50000             1122.00000          11220.00000         393.00000           0.00000             
17             0.00218             0.00276             0.50000             1150.00000          11500.00000         320.00000           10.00000            
18             0.00256             0.00150             0.50000             1109.00000          11090.00000         378.00000           0.00000             
19             0.00189             0.00211             0.50000             1131.00000          11310.00000         374.00000           10.00000            
20             0.00144             0.00233             0.50000             1125.00000          11250.00000         358.00000           20.00000            
21             0.00122             0.00273             0.50000             1141.00000          11410.00000         413.00000           10.00000            
22             0.00091             0.00227             0.50000             1116.00000          11160.00000         403.00000           10.00000            
23             0.00139             0.00111             0.50000             1154.00000          11540.00000         406.00000           0.00000             
24             0.00228             0.00049             0.50000             1115.00000          11150.00000         351.00000           10.00000            
25             0.00224             0.00051             0.50000             1135.00000          11350.00000         383.00000           0.00000             
26             0.00300             0.00067             0.50000             1162.00000          11620.00000         392.00000           0.00000             
27             0.00384             0.00051             0.50000             1150.00000          11500.00000         406.00000           0.00000             
28             0.00505             0.00100             0.50000             1158.00000          11580.00000         399.00000           10.00000            
29             0.00438             0.00117             0.50000             1139.00000          11390.00000         368.00000           20.00000            
30             0.00312             0.00099             0.50000             1099.00000          10990.00000         368.00000           10.00000            
31             0.00310             0.00043             0.50000             1146.00000          11460.00000         371.00000           20.00000            
32             0.00408             0.00092             0.50000             1106.00000          11060.00000         407.00000           30.00000            
33             0.00261             0.00035             0.50000             1091.00000          10910.00000         377.00000           20.00000            
34             0.00264             0.00109             0.50000             1127.00000          11270.00000         407.00000           10.00000            
35             0.00184             0.00139             0.50000             1136.00000          11360.00000         362.00000           20.00000            
36             0.00135             0.00145             0.50000             1124.00000          11240.00000         343.00000           0.00000             
37             0.00125             0.00218             0.50000             1127.00000          11270.00000         372.00000           0.00000             
38             0.00055             0.00121             0.50000             1126.00000          11260.00000         367.00000           0.00000             
39             0.00107             0.00154             0.50000             1161.00000          11610.00000         380.00000           0.00000             
40             0.00124             0.00169             0.50000             1112.00000          11120.00000         330.00000           0.00000             
41             0.00206             0.00136             0.50000             1095.00000          10950.00000         373.00000           10.00000            
42             0.00117             0.00136             0.50000             1129.00000          11290.00000         372.00000           10.00000            
43             0.00109             0.00167             0.50000             1140.00000          11400.00000         407.00000           0.00000             
44             0.00130             0.00066             0.50000             1110.00000          11100.00000         367.00000           10.00000            
45             0.00193             0.00132             0.50000             1142.00000          11420.00000         417.00000           0.00000             
46             0.00195             0.00132             0.50000             1091.00000          10910.00000         385.00000           0.00000             
47             0.00150             0.00181             0.50000             1111.00000          11110.00000         393.00000           10.00000            
48             0.00165             0.00121             0.50000             1097.00000          10970.00000         395.00000           0.00000             
49             0.00106             0.00070             0.50000             1129.00000          11290.00000         370.00000           10.00000            
50             0.00077             0.00072             0.50000             1116.00000          11160.00000         373.00000           10.00000            
51             0.00060             0.00192             0.50000             1128.00000          11280.00000         361.00000           0.00000             
52             0.00062             0.00177             0.50000             1137.00000          11370.00000         357.00000           0.00000             
53             0.00070             0.00128             0.50000             1100.00000          11000.00000         381.00000           0.00000             
54             0.00112             0.00043             0.50000             1119.00000          11190.00000         375.00000           0.00000             
55             0.00181             0.00027             0.50000             1123.00000          11230.00000         363.00000           0.00000             
56             0.00193             0.00084             0.50000             1154.00000          11540.00000         337.00000           0.00000             
57             0.00123             0.00093             0.50000             1102.00000          11020.00000         372.00000           10.00000            
58             0.00135             0.00125             0.50000             1111.00000          11110.00000         368.00000           0.00000             
59             0.00143             0.00138             0.50000             1128.00000          11280.00000         351.00000           0.00000             
60             0.00168             0.00083             0.50000             1125.00000          11250.00000         372.00000           20.00000            
61             0.00188             0.00109             0.50000             1099.00000          10990.00000         389.00000           0.00000             
62             0.00191             0.00094             0.50000             1098.00000          10980.00000         401.00000           0.00000             
63             0.00219             0.00109             0.50000             1140.00000          11400.00000         359.00000           0.00000             
64             0.00261             0.00081             0.50000             1116.00000          11160.00000         391.00000           0.00000             
65             0.00226             0.00025             0.50000             1142.00000          11420.00000         300.00000           20.00000            
66             0.00183             0.00008             0.50000             1109.00000          11090.00000         357.00000           10.00000            
67             0.00189             0.00000             0.50000             1122.00000          11220.00000         376.00000           20.00000            
68             0.00162             0.00025             0.50000             1155.00000          11550.00000         350.00000           0.00000             
69             0.00245             0.00006             0.50000             1129.00000          11290.00000         400.00000           0.00000             
70             0.00182             0.00006             0.50000             1122.00000          11220.00000         356.00000           0.00000             
71             0.00148             0.00119             0.50000             1131.00000          11310.00000         413.00000           40.00000            
72             0.00190             0.00032             0.50000             1134.00000          11340.00000         375.00000           20.00000            
73             0.00196             0.00018             0.50000             1088.00000          10880.00000         379.00000           20.00000            
74             0.00176             0.00000             0.50000             1123.00000          11230.00000         364.00000           10.00000            
75             0.00174             0.00030             0.50000             1149.00000          11490.00000         386.00000           0.00000             
76             0.00285             0.00021             0.50000             1121.00000          11210.00000         403.00000           0.00000             
77             0.00357             0.00016             0.50000             1132.00000          11320.00000         349.00000           10.00000            
78             0.00467             0.00034             0.50000             1134.00000          11340.00000         402.00000           10.00000            
79             0.00520             0.00034             0.50000             1128.00000          11280.00000         387.00000           50.00000            
80             0.00700             0.00078             0.50000             1122.00000          11220.00000         370.00000           10.00000            
81             0.00783             0.00129             0.50000             1135.00000          11350.00000         382.00000           40.00000            
82             0.00445             0.00261             0.50000             1126.00000          11260.00000         384.00000           70.00000            
83             0.00460             0.00251             0.50000             1121.00000          11210.00000         371.00000           40.00000            
84             0.00478             0.00184             0.50000             1113.00000          11130.00000         401.00000           10.00000            
85             0.00396             0.00148             0.50000             1111.00000          11110.00000         323.00000           20.00000            
86             0.00489             0.00065             0.50000             1147.00000          11470.00000         316.00000           10.00000            
87             0.00574             0.00112             0.50000             1127.00000          11270.00000         376.00000           20.00000            
88             0.00630             0.00224             0.50000             1107.00000          11070.00000         409.00000           10.00000            
89             0.00704             0.00118             0.50000             1128.00000          11280.00000         407.00000           30.00000            
90             0.00860             0.00124             0.50000             1097.00000          10970.00000         415.00000           30.00000            
91             0.00904             0.00143             0.50000             1148.00000          11480.00000         357.00000           50.00000            
92             0.00999             0.00110             0.50000             1156.00000          11560.00000         382.00000           20.00000            
93             0.00981             0.00139             0.50000             1131.00000          11310.00000         321.00000           40.00000            
94             0.01254             0.00186             0.50000             1114.00000          11140.00000         396.00000           40.00000            
95             0.01009             0.00088             0.50000             1145.00000          11450.00000         372.00000           20.00000            
96             0.01047             0.00080             0.50000             1127.00000          11270.00000         346.00000           10.00000            
97             0.01231             0.00032             0.50000             1132.00000          11320.00000         395.00000           50.00000            
98             0.01559             0.00021             0.50000             1125.00000          11250.00000         382.00000           50.00000            
99             0.01558             0.00025             0.50000             1117.00000          11170.00000         375.00000           60.00000            
100            0.01324             0.00062             0.50000             1139.00000          11390.00000         367.00000           70.00000            
101            0.01250             0.00069             0.50000             1135.00000          11350.00000         349.00000           50.00000            
102            0.01185             0.00064             0.50000             1107.00000          11070.00000         428.00000           20.00000            
103            0.01236             0.00075             0.50000             1118.00000          11180.00000         370.00000           50.00000            
104            0.01360             0.00091             0.50000             1134.00000          11340.00000         409.00000           20.00000            
105            0.01322             0.00196             0.50000             1127.00000          11270.00000         379.00000           20.00000            
106            0.01162             0.00127             0.50000             1138.00000          11380.00000         380.00000           30.00000            
107            0.01362             0.00227             0.50000             1123.00000          11230.00000         344.00000           40.00000            
108            0.01453             0.00247             0.50000             1118.00000          11180.00000         329.00000           80.00000            
109            0.01661             0.00249             0.50000             1124.00000          11240.00000         330.00000           30.00000            
110            0.02231             0.00177             0.50000             1146.00000          11460.00000         335.00000           20.00000            
111            0.02579             0.00123             0.50000             1151.00000          11510.00000         370.00000           60.00000            
112            0.02452             0.00084             0.50000             1134.00000          11340.00000         379.00000           160.00000           
113            0.02133             0.00120             0.50000             1148.00000          11480.00000         329.00000           80.00000            
114            0.02233             0.00113             0.50000             1161.00000          11610.00000         311.00000           70.00000            
115            0.01911             0.00122             0.50000             1117.00000          11170.00000         374.00000           70.00000            
116            0.01824             0.00144             0.50000             1145.00000          11450.00000         359.00000           70.00000            
117            0.02058             0.00197             0.50000             1103.00000          11030.00000         405.00000           70.00000            
118            0.01929             0.00152             0.50000             1170.00000          11700.00000         375.00000           100.00000           
119            0.02314             0.00216             0.50000             1110.00000          11100.00000         365.00000           90.00000            
120            0.02136             0.00298             0.50000             1114.00000          11140.00000         387.00000           120.00000           
121            0.02220             0.00304             0.50000             1129.00000          11290.00000         384.00000           70.00000            
122            0.02433             0.00085             0.50000             1124.00000          11240.00000         368.00000           80.00000            
123            0.02436             0.00191             0.50000             1076.00000          10760.00000         404.00000           50.00000            
124            0.02670             0.00167             0.50000             1121.00000          11210.00000         415.00000           50.00000            
125            0.02519             0.00215             0.50000             1113.00000          11130.00000         434.00000           130.00000           
126            0.02077             0.00170             0.50000             1140.00000          11400.00000         377.00000           80.00000            
127            0.02135             0.00115             0.50000             1101.00000          11010.00000         388.00000           80.00000            
128            0.01988             0.00065             0.50000             1120.00000          11200.00000         371.00000           110.00000           
129            0.01975             0.00040             0.50000             1092.00000          10920.00000         349.00000           20.00000            
130            0.01971             0.00145             0.50000             1147.00000          11470.00000         363.00000           90.00000            
131            0.02006             0.00270             0.50000             1145.00000          11450.00000         361.00000           140.00000           
132            0.02044             0.00204             0.50000             1136.00000          11360.00000         376.00000           40.00000            
133            0.01731             0.00402             0.50000             1139.00000          11390.00000         396.00000           100.00000           
134            0.01873             0.00356             0.50000             1118.00000          11180.00000         378.00000           80.00000            
135            0.01396             0.00382             0.50000             1139.00000          11390.00000         340.00000           60.00000            
136            0.01413             0.00391             0.50000             1141.00000          11410.00000         359.00000           70.00000            
137            0.01323             0.00262             0.50000             1149.00000          11490.00000         345.00000           40.00000            
138            0.01314             0.00400             0.50000             1143.00000          11430.00000         369.00000           40.00000            
139            0.01475             0.00309             0.50000             1148.00000          11480.00000         385.00000           30.00000            
140            0.01297             0.00346             0.50000             1114.00000          11140.00000         417.00000           90.00000            
141            0.01188             0.00386             0.50000             1120.00000          11200.00000         345.00000           30.00000            
142            0.01371             0.00671             0.50000             1170.00000          11700.00000         350.00000           40.00000            
143            0.01449             0.00674             0.50000             1143.00000          11430.00000         351.00000           80.00000            
144            0.01998             0.00636             0.50000             1152.00000          11520.00000         357.00000           40.00000            
145            0.02288             0.00451             0.50000             1129.00000          11290.00000         393.00000           80.00000            
146            0.02263             0.00493             0.50000             1119.00000          11190.00000         312.00000           90.00000            
147            0.02712             0.00315             0.50000             1127.00000          11270.00000         390.00000           110.00000           
148            0.02663             0.00358             0.50000             1120.00000          11200.00000         380.00000           120.00000           
149            0.02493             0.00402             0.50000             1122.00000          11220.00000         346.00000           100.00000           
150            0.02804             0.00280             0.50000             1103.00000          11030.00000         363.00000           30.00000            
151            0.02465             0.00217             0.50000             1147.00000          11470.00000         370.00000           80.00000            
152            0.02614             0.00290             0.50000             1140.00000          11400.00000         377.00000           70.00000            
153            0.02966             0.00162             0.50000             1123.00000          11230.00000         391.00000           100.00000           
154            0.03077             0.00192             0.50000             1109.00000          11090.00000         435.00000           140.00000           
155            0.02969             0.00170             0.50000             1136.00000          11360.00000         377.00000           120.00000           
156            0.02790             0.00197             0.50000             1104.00000          11040.00000         388.00000           200.00000           
157            0.03231             0.00074             0.50000             1117.00000          11170.00000         411.00000           120.00000           
158            0.03439             0.00117             0.50000             1138.00000          11380.00000         364.00000           130.00000           
159            0.03461             0.00145             0.50000             1133.00000          11330.00000         390.00000           120.00000           
160            0.03452             0.00106             0.50000             1110.00000          11100.00000         400.00000           180.00000           
161            0.03367             0.00149             0.50000             1155.00000          11550.00000         342.00000           110.00000           
162            0.03085             0.00181             0.50000             1131.00000          11310.00000         373.00000           120.00000           
163            0.02918             0.00194             0.50000             1141.00000          11410.00000         406.00000           160.00000           
164            0.02680             0.00106             0.50000             1130.00000          11300.00000         362.00000           110.00000           
165            0.02642             0.00117             0.50000             1140.00000          11400.00000         357.00000           70.00000            
166            0.02497             0.00096             0.50000             1084.00000          10840.00000         405.00000           90.00000            
167            0.02493             0.00032             0.50000             1134.00000          11340.00000         393.00000           70.00000            
168            0.02200             0.00031             0.50000             1102.00000          11020.00000         372.00000           60.00000            
169            0.02063             0.00077             0.50000             1134.00000          11340.00000         340.00000           80.00000            
170            0.01505             0.00015             0.50000             1148.00000          11480.00000         376.00000           70.00000            
171            0.01423             0.00023             0.50000             1116.00000          11160.00000         409.00000           60.00000            
172            0.01275             0.00023             0.50000             1129.00000          11290.00000         377.00000           30.00000            
173            0.01270             0.00023             0.50000             1140.00000          11400.00000         403.00000           60.00000            
174            0.01084             0.00000             0.50000             1120.00000          11200.00000         380.00000           30.00000            
175            0.01137             0.00000             0.50000             1142.00000          11420.00000         437.00000           20.00000            
176            0.01024             0.00001             0.50000             1155.00000          11550.00000         373.00000           30.00000            
177            0.01235             0.00001             0.50000             1120.00000          11200.00000         341.00000           10.00000            
178            0.01083             0.00002             0.50000             1117.00000          11170.00000         372.00000           40.00000            
179            0.00811             0.00033             0.50000             1120.00000          11200.00000         406.00000           70.00000            
180            0.00804             0.00030             0.50000             1109.00000          11090.00000         397.00000           60.00000            
181            0.00950             0.00000             0.50000             1127.00000          11270.00000         387.00000           50.00000            
182            0.00903             0.00000             0.50000             1140.00000          11400.00000         369.00000           50.00000            
183            0.01026             0.00041             0.50000             1115.00000          11150.00000         327.00000           30.00000            
184            0.00909             0.00051             0.50000             1145.00000          11450.00000         421.00000           10.00000            
185            0.00939             0.00060             0.50000             1140.00000          11400.00000         342.00000           50.00000            
186            0.00904             0.00017             0.50000             1095.00000          10950.00000         347.00000           20.00000            
187            0.00912             0.00037             0.50000             1161.00000          11610.00000         378.00000           30.00000            
188            0.00806             0.00077             0.50000             1109.00000          11090.00000         387.00000           30.00000            
189            0.00798             0.00160             0.50000             1112.00000          11120.00000         371.00000           50.00000            
190            0.00827             0.00182             0.50000             1140.00000          11400.00000         401.00000           30.00000            
191            0.00959             0.00154             0.50000             1107.00000          11070.00000         379.00000           30.00000            
192            0.01008             0.00143             0.50000             1099.00000          10990.00000         397.00000           30.00000            
193            0.00990             0.00107             0.50000             1144.00000          11440.00000         330.00000           50.00000            
194            0.01127             0.00094             0.50000             1129.00000          11290.00000         339.00000           10.00000            
195            0.00855             0.00097             0.50000             1118.00000          11180.00000         409.00000           50.00000            
196            0.00864             0.00118             0.50000             1095.00000          10950.00000         401.00000           20.00000            
197            0.00819             0.00079             0.50000             1134.00000          11340.00000         375.00000           40.00000            
198            0.00680             0.00076             0.50000             1111.00000          11110.00000         374.00000           10.00000            
199            0.00761             0.00035             0.50000             1123.00000          11230.00000         391.00000           60.00000            
200            0.00895             0.00032             0.50000             1107.00000          11070.00000         372.00000           60.00000            
201            0.00769             0.00019             0.50000             1157.00000          11570.00000         328.00000           40.00000            
202            0.00681             0.00006             0.50000             1126.00000          11260.00000         353.00000           20.00000            
203            0.00870             0.00010             0.50000             1104.00000          11040.00000         382.00000           0.00000             
204            0.01152             0.00003             0.50000             1150.00000          11500.00000         385.00000           50.00000            
205            0.01491             0.00019             0.50000             1132.00000          11320.00000         365.00000           30.00000            
206            0.01467             0.00044             0.50000             1095.00000          10950.00000         358.00000           50.00000            
207            0.01552             0.00052             0.50000             1138.00000          11380.00000         329.00000           50.00000            
208            0.01654             0.00038             0.50000             1117.00000          11170.00000         384.00000           50.00000            
209            0.01830             0.00025             0.50000             1152.00000          11520.00000         336.00000           60.00000            
210            0.01942             0.00044             0.50000             1113.00000          11130.00000         361.00000           80.00000            
211            0.02063             0.00039             0.50000             1108.00000          11080.00000         377.00000           50.00000            
212            0.01792             0.00024             0.50000             1159.00000          11590.00000         378.00000           80.00000            
213            0.01735             0.00012             0.50000             1129.00000          11290.00000         382.00000           100.00000           
214            0.01882             0.00010             0.50000             1147.00000          11470.00000         377.00000           50.00000            
215            0.01782             0.00105             0.50000             1096.00000          10960.00000         379.00000           80.00000            
216            0.01671             0.00115             0.50000             1139.00000          11390.00000         352.00000           40.00000            
217            0.01613             0.00122             0.50000             1155.00000          11550.00000         364.00000           90.00000            
218            0.01528             0.00061             0.50000             1137.00000          11370.00000         363.00000           60.00000            
219            0.01679             0.00023             0.50000             1107.00000          11070.00000         393.00000           50.00000            
220            0.02097             0.00014             0.50000             1102.00000          11020.00000         409.00000           60.00000            
221            0.02080             0.00000             0.50000             1137.00000          11370.00000         373.00000           80.00000            
222            0.01939             0.00031             0.50000             1099.00000          10990.00000         414.00000           50.00000            
223            0.02136             0.00057             0.50000             1113.00000          11130.00000         357.00000           60.00000            
224            0.02035             0.00127             0.50000             1135.00000          11350.00000         325.00000           60.00000            
225            0.02084             0.00197             0.50000             1097.00000          10970.00000         371.00000           90.00000            
226            0.01935             0.00302             0.50000             1165.00000          11650.00000         336.00000           60.00000            
227            0.01633             0.00145             0.50000             1128.00000          11280.00000         397.00000           40.00000            
228            0.01643             0.00175             0.50000             1135.00000          11350.00000         351.00000           30.00000            
229            0.01586             0.00134             0.50000             1143.00000          11430.00000         368.00000           50.00000            
230            0.01718             0.00160             0.50000             1151.00000          11510.00000         363.00000           50.00000            
231            0.01307             0.00185             0.50000             1104.00000          11040.00000         418.00000           130.00000           
232            0.01197             0.00182             0.50000             1128.00000          11280.00000         383.00000           90.00000            
233            0.01178             0.00156             0.50000             1123.00000          11230.00000         373.00000           50.00000            
234            0.01102             0.00092             0.50000             1121.00000          11210.00000         407.00000           70.00000            
235            0.01029             0.00125             0.50000             1154.00000          11540.00000         346.00000           20.00000            
236            0.00864             0.00093             0.50000             1152.00000          11520.00000         402.00000           50.00000            
237            0.00763             0.00121             0.50000             1131.00000          11310.00000         415.00000           40.00000            
238            0.00594             0.00072             0.50000             1141.00000          11410.00000         357.00000           20.00000            
239            0.00541             0.00130             0.50000             1146.00000          11460.00000         396.00000           30.00000            
240            0.00468             0.00094             0.50000             1130.00000          11300.00000         355.00000           20.00000            
241            0.00562             0.00069             0.50000             1129.00000          11290.00000         362.00000           10.00000            
242            0.00399             0.00051             0.50000             1155.00000          11550.00000         371.00000           20.00000            
243            0.00330             0.00036             0.50000             1128.00000          11280.00000         357.00000           30.00000            
244            0.00275             0.00041             0.50000             1104.00000          11040.00000         399.00000           0.00000             
245            0.00190             0.00047             0.50000             1109.00000          11090.00000         358.00000           20.00000            
246            0.00249             0.00028             0.50000             1108.00000          11080.00000         383.00000           0.00000             
247            0.00311             0.00046             0.50000             1145.00000          11450.00000         347.00000           10.00000            
248            0.00224             0.00064             0.50000             1101.00000          11010.00000         410.00000           30.00000            
249            0.00139             0.00038             0.50000             1110.00000          11100.00000         383.00000           20.00000            
250            0.00166             0.00063             0.50000             1128.00000          11280.00000         354.00000           0.00000             
251            0.00227             0.00084             0.50000             1090.00000          10900.00000         403.00000           0.00000             
252            0.00287             0.00120             0.50000             1127.00000          11270.00000         362.00000           0.00000             
253            0.00293             0.00118             0.50000             1107.00000          11070.00000         358.00000           10.00000            
254            0.00339             0.00083             0.50000             1114.00000          11140.00000         359.00000           20.00000            
255            0.00344             0.00071             0.50000             1094.00000          10940.00000         399.00000           20.00000            
256            0.00372             0.00081             0.50000             1110.00000          11100.00000         364.00000           0.00000             
257            0.00390             0.00068             0.50000             1182.00000          11820.00000         333.00000           0.00000             
258            0.00426             0.00143             0.50000             1125.00000          11250.00000         385.00000           20.00000            
259            0.00347             0.00168             0.50000             1126.00000          11260.00000         410.00000           30.00000            
260            0.00365             0.00242             0.50000             1111.00000          11110.00000         396.00000           10.00000            
261            0.00394             0.00205             0.50000             1117.00000          11170.00000         363.00000           10.00000            
262            0.00488             0.00135             0.50000             1143.00000          11430.00000         330.00000           10.00000            
263            0.00470             0.00107             0.50000             1130.00000          11300.00000         309.00000           10.00000            
264            0.00449             0.00167             0.50000             1126.00000          11260.00000         383.00000           10.00000            
265            0.00412             0.00057             0.50000             1124.00000          11240.00000         397.00000           20.00000            
266            0.00354             0.00011             0.50000             1105.00000          11050.00000         424.00000           30.00000            
267            0.00307             0.00014             0.50000             1117.00000          11170.00000         342.00000           0.00000             
268            0.00248             0.00011             0.50000             1104.00000          11040.00000         349.00000           0.00000             
269            0.00219             0.00015             0.50000             1107.00000          11070.00000         393.00000           0.00000             
270            0.00229             0.00014             0.50000             1110.00000          11100.00000         388.00000           20.00000            
271            0.00255             0.00018             0.50000             1148.00000          11480.00000         345.00000           10.00000            
272            0.00227             0.00015             0.50000             1117.00000          11170.00000         357.00000           10.00000            
273            0.00312             0.00054             0.50000             1103.00000          11030.00000         459.00000           0.00000             
274            0.00308             0.00117             0.50000             1108.00000          11080.00000         367.00000           0.00000             
275            0.00320             0.00082             0.50000             1093.00000          10930.00000         392.00000           0.00000             
276            0.00457             0.00141             0.50000             1142.00000          11420.00000         370.00000           10.00000            
277            0.00333             0.00144             0.50000             1127.00000          11270.00000         373.00000           10.00000            
278            0.00336             0.00211             0.50000             1127.00000          11270.00000         455.00000           20.00000            
279            0.00491             0.00159             0.50000             1128.00000          11280.00000         368.00000           0.00000             
280            0.00423             0.00280             0.50000             1141.00000          11410.00000         404.00000           0.00000             
281            0.00493             0.00356             0.50000             1135.00000          11350.00000         400.00000           40.00000            
282            0.00492             0.00361             0.50000             1142.00000          11420.00000         370.00000           40.00000            
283            0.00694             0.00371             0.50000             1132.00000          11320.00000         371.00000           10.00000            
284            0.00991             0.00358             0.50000             1118.00000          11180.00000         349.00000           0.00000             
285            0.00877             0.00266             0.50000             1106.00000          11060.00000         350.00000           20.00000            
286            0.00849             0.00198             0.50000             1145.00000          11450.00000         419.00000           20.00000            
287            0.00868             0.00175             0.50000             1133.00000          11330.00000         355.00000           40.00000            
288            0.00664             0.00165             0.50000             1164.00000          11640.00000         365.00000           20.00000            
289            0.00677             0.00212             0.50000             1116.00000          11160.00000         390.00000           40.00000            
290            0.00930             0.00218             0.50000             1146.00000          11460.00000         373.00000           10.00000            
291            0.01011             0.00190             0.50000             1140.00000          11400.00000         351.00000           40.00000            
292            0.00979             0.00244             0.50000             1105.00000          11050.00000         355.00000           50.00000            
293            0.01162             0.00281             0.50000             1156.00000          11560.00000         372.00000           30.00000            
294            0.01201             0.00249             0.50000             1132.00000          11320.00000         365.00000           20.00000            
295            0.01257             0.00335             0.50000             1112.00000          11120.00000         405.00000           10.00000            
296            0.00983             0.00385             0.50000             1120.00000          11200.00000         420.00000           110.00000           
297            0.00852             0.00417             0.50000             1126.00000          11260.00000         399.00000           20.00000            
298            0.01009             0.00334             0.50000             1139.00000          11390.00000         379.00000           30.00000            
299            0.01206             0.00340             0.50000             1100.00000          11000.00000         353.00000           60.00000            
300            0.00931             0.00230             0.50000             1127.00000          11270.00000         379.00000           20.00000            
301            0.01006             0.00181             0.50000             1122.00000          11220.00000         368.00000           30.00000            
302            0.01143             0.00154             0.50000             1098.00000          10980.00000         403.00000           30.00000            
303            0.01157             0.00119             0.50000             1153.00000          11530.00000         377.00000           40.00000            
304            0.01136             0.00125             0.50000             1081.00000          10810.00000         421.00000           20.00000            
305            0.01070             0.00119             0.50000             1147.00000          11470.00000         364.00000           30.00000            
306            0.00985             0.00164             0.50000             1108.00000          11080.00000         375.00000           60.00000            
307            0.00793             0.00213             0.50000             1151.00000          11510.00000         372.00000           80.00000            
308            0.00596             0.00142             0.50000             1096.00000          10960.00000         359.00000           60.00000            
309            0.00436             0.00151             0.50000             1140.00000          11400.00000         368.00000           50.00000            
310            0.00471             0.00151             0.50000             1108.00000          11080.00000         371.00000           10.00000            
311            0.00481             0.00143             0.50000             1111.00000          11110.00000         391.00000           10.00000            
312            0.00588             0.00204             0.50000             1119.00000          11190.00000         365.00000           0.00000             
313            0.00660             0.00188             0.50000             1111.00000          11110.00000         381.00000           20.00000            
314            0.00534             0.00175             0.50000             1149.00000          11490.00000         315.00000           10.00000            
315            0.00387             0.00128             0.50000             1143.00000          11430.00000         360.00000           10.00000            
316            0.00490             0.00128             0.50000             1125.00000          11250.00000         316.00000           10.00000            
317            0.00667             0.00124             0.50000             1141.00000          11410.00000         376.00000           10.00000            
318            0.00814             0.00137             0.50000             1112.00000          11120.00000         442.00000           20.00000            
319            0.00768             0.00201             0.50000             1112.00000          11120.00000         380.00000           50.00000            
320            0.00795             0.00125             0.50000             1106.00000          11060.00000         374.00000           0.00000             
321            0.00732             0.00030             0.50000             1086.00000          10860.00000         411.00000           20.00000            
322            0.00667             0.00008             0.50000             1115.00000          11150.00000         363.00000           20.00000            
323            0.00520             0.00013             0.50000             1127.00000          11270.00000         371.00000           10.00000            
324            0.00445             0.00007             0.50000             1144.00000          11440.00000         369.00000           0.00000             
325            0.00491             0.00007             0.50000             1099.00000          10990.00000         404.00000           20.00000            
326            0.00460             0.00017             0.50000             1129.00000          11290.00000         408.00000           30.00000            
327            0.00526             0.00003             0.50000             1136.00000          11360.00000         337.00000           10.00000            
328            0.00574             0.00042             0.50000             1143.00000          11430.00000         343.00000           0.00000             
329            0.00689             0.00012             0.50000             1135.00000          11350.00000         383.00000           10.00000            
330            0.00686             0.00041             0.50000             1120.00000          11200.00000         373.00000           30.00000            
331            0.00869             0.00067             0.50000             1149.00000          11490.00000         344.00000           10.00000            
332            0.00694             0.00070             0.50000             1131.00000          11310.00000         370.00000           70.00000            
333            0.00548             0.00029             0.50000             1125.00000          11250.00000         392.00000           30.00000            
334            0.00545             0.00031             0.50000             1125.00000          11250.00000         387.00000           30.00000            
335            0.00531             0.00021             0.50000             1104.00000          11040.00000         370.00000           30.00000            
336            0.00571             0.00021             0.50000             1114.00000          11140.00000         397.00000           0.00000             
337            0.00521             0.00021             0.50000             1184.00000          11840.00000         358.00000           10.00000            
338            0.00620             0.00021             0.50000             1118.00000          11180.00000         397.00000           10.00000            
339            0.00553             0.00010             0.50000             1123.00000          11230.00000         351.00000           30.00000            
340            0.00441             0.00044             0.50000             1136.00000          11360.00000         370.00000           50.00000            
341            0.00430             0.00013             0.50000             1099.00000          10990.00000         402.00000           20.00000            
342            0.00615             0.00013             0.50000             1132.00000          11320.00000         378.00000           20.00000            
343            0.00571             0.00027             0.50000             1122.00000          11220.00000         334.00000           0.00000             
344            0.00755             0.00053             0.50000             1103.00000          11030.00000         375.00000           0.00000             
345            0.00822             0.00067             0.50000             1135.00000          11350.00000         341.00000           40.00000            
346            0.00710             0.00120             0.50000             1152.00000          11520.00000         359.00000           0.00000             
347            0.00920             0.00253             0.50000             1100.00000          11000.00000         400.00000           10.00000            
348            0.00946             0.00226             0.50000             1149.00000          11490.00000         340.00000           50.00000            
349            0.01043             0.00186             0.50000             1129.00000          11290.00000         384.00000           50.00000            
350            0.01135             0.00147             0.50000             1120.00000          11200.00000         343.00000           90.00000            
351            0.01102             0.00106             0.50000             1166.00000          11660.00000         331.00000           70.00000            
352            0.01259             0.00106             0.50000             1135.00000          11350.00000         367.00000           30.00000            
353            0.01630             0.00173             0.50000             1110.00000          11100.00000         372.00000           50.00000            
354            0.01687             0.00240             0.50000             1142.00000          11420.00000         381.00000           30.00000            
355            0.01966             0.00240             0.50000             1088.00000          10880.00000         402.00000           50.00000            
356            0.01767             0.00333             0.50000             1107.00000          11070.00000         388.00000           30.00000            
357            0.01527             0.00280             0.50000             1124.00000          11240.00000         336.00000           50.00000            
358            0.01991             0.00226             0.50000             1123.00000          11230.00000         366.00000           40.00000            
359            0.01598             0.00200             0.50000             1117.00000          11170.00000         365.00000           60.00000            
360            0.02052             0.00303             0.50000             1136.00000          11360.00000         346.00000           50.00000            
361            0.01661             0.00382             0.50000             1140.00000          11400.00000         403.00000           80.00000            
362            0.01833             0.00255             0.50000             1120.00000          11200.00000         314.00000           20.00000            
363            0.01592             0.00475             0.50000             1098.00000          10980.00000         332.00000           90.00000            
364            0.01382             0.00487             0.50000             1094.00000          10940.00000         380.00000           90.00000            
365            0.01074             0.00439             0.50000             1108.00000          11080.00000         414.00000           50.00000            
366            0.01173             0.00399             0.50000             1101.00000          11010.00000         368.00000           40.00000            
367            0.01465             0.00439             0.50000             1128.00000          11280.00000         372.00000           30.00000            
368            0.01490             0.00566             0.50000             1123.00000          11230.00000         352.00000           110.00000           
369            0.01680             0.00407             0.50000             1112.00000          11120.00000         377.00000           90.00000            
370            0.01762             0.00338             0.50000             1132.00000          11320.00000         392.00000           60.00000            
371            0.01829             0.00328             0.50000             1132.00000          11320.00000         377.00000           60.00000            
372            0.02108             0.00268             0.50000             1123.00000          11230.00000         387.00000           100.00000           
373            0.02555             0.00289             0.50000             1141.00000          11410.00000         383.00000           60.00000            
374            0.02009             0.00196             0.50000             1161.00000          11610.00000         388.00000           150.00000           
375            0.01992             0.00152             0.50000             1112.00000          11120.00000         340.00000           60.00000            
376            0.02168             0.00114             0.50000             1120.00000          11200.00000         327.00000           90.00000            
377            0.02222             0.00094             0.50000             1104.00000          11040.00000         405.00000           70.00000            
378            0.02192             0.00176             0.50000             1143.00000          11430.00000         342.00000           120.00000           
379            0.01991             0.00117             0.50000             1100.00000          11000.00000         373.00000           70.00000            
380            0.02231             0.00266             0.50000             1118.00000          11180.00000         425.00000           100.00000           
381            0.02018             0.00278             0.50000             1131.00000          11310.00000         386.00000           90.00000            
382            0.02247             0.00332             0.50000             1125.00000          11250.00000         387.00000           60.00000            
383            0.01970             0.00361             0.50000             1096.00000          10960.00000         389.00000           120.00000           
384            0.02220             0.00578             0.50000             1122.00000          11220.00000         367.00000           50.00000            
385            0.02069             0.00491             0.50000             1154.00000          11540.00000         359.00000           100.00000           
386            0.02114             0.00465             0.50000             1143.00000          11430.00000         349.00000           80.00000            
387            0.02086             0.00615             0.50000             1129.00000          11290.00000         374.00000           30.00000            
388            0.02147             0.00611             0.50000             1132.00000          11320.00000         358.00000           60.00000            
389            0.02192             0.00662             0.50000             1120.00000          11200.00000         390.00000           140.00000           
390            0.01802             0.00782             0.50000             1140.00000          11400.00000         374.00000           120.00000           
391            0.01702             0.00701             0.50000             1155.00000          11550.00000         343.00000           50.00000            
392            0.01276             0.00668             0.50000             1128.00000          11280.00000         368.00000           60.00000            
393            0.01050             0.00568             0.50000             1102.00000          11020.00000         353.00000           60.00000            
394            0.01056             0.00608             0.50000             1147.00000          11470.00000         336.00000           20.00000            
395            0.00994             0.00569             0.50000             1123.00000          11230.00000         347.00000           20.00000            
396            0.01255             0.00521             0.50000             1137.00000          11370.00000         365.00000           10.00000            
397            0.01644             0.00581             0.50000             1119.00000          11190.00000         402.00000           30.00000            
398            0.01648             0.00601             0.50000             1117.00000          11170.00000         392.00000           20.00000            
399            0.01898             0.00847             0.50000             1105.00000          11050.00000         415.00000           40.00000            
400            0.02054             0.00708             0.50000             1121.00000          11210.00000         373.00000           70.00000            
401            0.02194             0.00744             0.50000             1117.00000          11170.00000         369.00000           70.00000            
402            0.02389             0.00670             0.50000             1149.00000          11490.00000         376.00000           70.00000            
403            0.02589             0.00596             0.50000             1126.00000          11260.00000         340.00000           20.00000            
404            0.02621             0.00534             0.50000             1077.00000          10770.00000         385.00000           100.00000           
405            0.02765             0.00464             0.50000             1111.00000          11110.00000         381.00000           110.00000           
406            0.02901             0.00399             0.50000             1107.00000          11070.00000         415.00000           80.00000            
407            0.02424             0.00445             0.50000             1147.00000          11470.00000         361.00000           100.00000           
408            0.02360             0.00483             0.50000             1097.00000          10970.00000         401.00000           120.00000           
409            0.02455             0.00514             0.50000             1149.00000          11490.00000         327.00000           90.00000            
410            0.02281             0.00427             0.50000             1136.00000          11360.00000         415.00000           120.00000           
411            0.02541             0.00522             0.50000             1140.00000          11400.00000         396.00000           140.00000           
412            0.02518             0.00448             0.50000             1160.00000          11600.00000         364.00000           120.00000           
413            0.02088             0.00537             0.50000             1147.00000          11470.00000         368.00000           100.00000           
414            0.01932             0.00533             0.50000             1126.00000          11260.00000         416.00000           90.00000            
415            0.02591             0.00482             0.50000             1125.00000          11250.00000         406.00000           20.00000            
416            0.02579             0.00660             0.50000             1093.00000          10930.00000         377.00000           110.00000           
417            0.02621             0.00780             0.50000             1139.00000          11390.00000         343.00000           80.00000            
418            0.02368             0.00727             0.50000             1099.00000          10990.00000         371.00000           60.00000            
419            0.02647             0.00900             0.50000             1107.00000          11070.00000         372.00000           50.00000            
420            0.02973             0.00913             0.50000             1145.00000          11450.00000         389.00000           110.00000           
421            0.03012             0.00949             0.50000             1131.00000          11310.00000         349.00000           90.00000            
422            0.03007             0.00960             0.50000             1106.00000          11060.00000         400.00000           120.00000           
423            0.03089             0.01118             0.50000             1109.00000          11090.00000         423.00000           70.00000            
424            0.03453             0.01083             0.50000             1121.00000          11210.00000         377.00000           150.00000           
425            0.03879             0.01227             0.50000             1108.00000          11080.00000         398.00000           130.00000           
426            0.03310             0.01004             0.50000             1134.00000          11340.00000         315.00000           150.00000           
427            0.03193             0.01065             0.50000             1131.00000          11310.00000         401.00000           130.00000           
428            0.02775             0.00960             0.50000             1118.00000          11180.00000         395.00000           170.00000           
429            0.02848             0.00895             0.50000             1124.00000          11240.00000         396.00000           70.00000            
430            0.02641             0.00936             0.50000             1111.00000          11110.00000         396.00000           50.00000            
431            0.02340             0.00920             0.50000             1108.00000          11080.00000         307.00000           90.00000            
432            0.02055             0.00966             0.50000             1109.00000          11090.00000         393.00000           80.00000            
433            0.02131             0.00793             0.50000             1133.00000          11330.00000         367.00000           90.00000            
434            0.02244             0.00777             0.50000             1153.00000          11530.00000         366.00000           70.00000            
435            0.02550             0.00683             0.50000             1119.00000          11190.00000         386.00000           110.00000           
436            0.02558             0.00633             0.50000             1134.00000          11340.00000         352.00000           140.00000           
437            0.02493             0.00469             0.50000             1110.00000          11100.00000         407.00000           60.00000            
438            0.02405             0.00620             0.50000             1115.00000          11150.00000         374.00000           90.00000            
439            0.02235             0.00539             0.50000             1127.00000          11270.00000         376.00000           120.00000           
440            0.02136             0.00630             0.50000             1128.00000          11280.00000         361.00000           70.00000            
441            0.02064             0.00720             0.50000             1146.00000          11460.00000         373.00000           100.00000           
442            0.02051             0.00666             0.50000             1112.00000          11120.00000         358.00000           100.00000           
443            0.01906             0.00826             0.50000             1112.00000          11120.00000         416.00000           110.00000           
444            0.01771             0.00632             0.50000             1151.00000          11510.00000         309.00000           40.00000            
445            0.01829             0.00666             0.50000             1132.00000          11320.00000         355.00000           30.00000            
446            0.01737             0.00711             0.50000             1135.00000          11350.00000         353.00000           40.00000            
447            0.01700             0.00776             0.50000             1107.00000          11070.00000         367.00000           40.00000            
448            0.01663             0.00692             0.50000             1123.00000          11230.00000         369.00000           40.00000            
449            0.01422             0.00604             0.50000             1125.00000          11250.00000         344.00000           50.00000            
450            0.01380             0.00539             0.50000             1158.00000          11580.00000         327.00000           60.00000            
451            0.01422             0.00470             0.50000             1110.00000          11100.00000         352.00000           30.00000            
452            0.01157             0.00540             0.50000             1140.00000          11400.00000         414.00000           30.00000            
453            0.00880             0.00534             0.50000             1131.00000          11310.00000         383.00000           60.00000            
454            0.00969             0.00517             0.50000             1135.00000          11350.00000         371.00000           40.00000            
455            0.00856             0.00572             0.50000             1122.00000          11220.00000         389.00000           50.00000            
456            0.00612             0.00666             0.50000             1117.00000          11170.00000         319.00000           0.00000             
457            0.00729             0.00778             0.50000             1081.00000          10810.00000         385.00000           40.00000            
458            0.00649             0.00741             0.50000             1136.00000          11360.00000         396.00000           20.00000            
459            0.00740             0.00743             0.50000             1097.00000          10970.00000         384.00000           50.00000            
460            0.00776             0.00688             0.50000             1161.00000          11610.00000         346.00000           40.00000            
461            0.00698             0.01175             0.50000             1105.00000          11050.00000         378.00000           10.00000            
462            0.00809             0.01304             0.50000             1110.00000          11100.00000         399.00000           10.00000            
463            0.00771             0.01298             0.50000             1115.00000          11150.00000         356.00000           50.00000            
464            0.00637             0.01387             0.50000             1129.00000          11290.00000         350.00000           0.00000             
465            0.00655             0.01265             0.50000             1125.00000          11250.00000         381.00000           20.00000            
466            0.00654             0.01235             0.50000             1136.00000          11360.00000         391.00000           20.00000            
467            0.00581             0.01129             0.50000             1134.00000          11340.00000         353.00000           30.00000            
468            0.00768             0.00994             0.50000             1115.00000          11150.00000         399.00000           0.00000             
469            0.00792             0.00771             0.50000             1134.00000          11340.00000         342.00000           0.00000             
470            0.00910             0.00605             0.50000             1143.00000          11430.00000         411.00000           40.00000            
471            0.00927             0.00527             0.50000             1131.00000          11310.00000         370.00000           20.00000            
472            0.00891             0.00642             0.50000             1098.00000          10980.00000         376.00000           50.00000            
473            0.00946             0.00753             0.50000             1136.00000          11360.00000         394.00000           40.00000            
474            0.00969             0.00946             0.50000             1129.00000          11290.00000         346.00000           10.00000            
475            0.00981             0.00962             0.50000             1145.00000          11450.00000         372.00000           30.00000            
476            0.01024             0.00582             0.50000             1137.00000          11370.00000         398.00000           40.00000            
477            0.00967             0.00424             0.50000             1123.00000          11230.00000         367.00000           60.00000            
478            0.00960             0.00241             0.50000             1094.00000          10940.00000         376.00000           40.00000            
479            0.00908             0.00218             0.50000             1146.00000          11460.00000         358.00000           40.00000            
480            0.00898             0.00248             0.50000             1144.00000          11440.00000         345.00000           40.00000            
481            0.01064             0.00361             0.50000             1103.00000          11030.00000         396.00000           50.00000            
482            0.01121             0.00288             0.50000             1088.00000          10880.00000         373.00000           40.00000            
483            0.01183             0.00286             0.50000             1135.00000          11350.00000         349.00000           30.00000            
484            0.01031             0.00395             0.50000             1123.00000          11230.00000         368.00000           60.00000            
485            0.01032             0.00340             0.50000             1120.00000          11200.00000         318.00000           20.00000            
486            0.01054             0.00291             0.50000             1104.00000          11040.00000         372.00000           20.00000            
487            0.01193             0.00373             0.50000             1141.00000          11410.00000         340.00000           40.00000            
488            0.01225             0.00617             0.50000             1146.00000          11460.00000         356.00000           60.00000            
489            0.01297             0.00482             0.50000             1120.00000          11200.00000         428.00000           40.00000            
490            0.01208             0.00497             0.50000             1129.00000          11290.00000         364.00000           90.00000            
491            0.00897             0.00451             0.50000             1108.00000          11080.00000         407.00000           40.00000            
492            0.00604             0.00374             0.50000             1126.00000          11260.00000         380.00000           70.00000            
493            0.00496             0.00546             0.50000             1119.00000          11190.00000         374.00000           0.00000             
494            0.00457             0.00457             0.50000             1119.00000          11190.00000         399.00000           40.00000            
495            0.00447             0.00448             0.50000             1122.00000          11220.00000         406.00000           30.00000            
496            0.00396             0.00252             0.50000             1119.00000          11190.00000         376.00000           10.00000            
497            0.00425             0.00291             0.50000             1118.00000          11180.00000         378.00000           30.00000            
498            0.00318             0.00179             0.50000             1139.00000          11390.00000         368.00000           20.00000            
499            0.00311             0.00211             0.50000             1147.00000          11470.00000         344.00000           20.00000            
500            0.00247             0.00166             0.50000             1135.00000          11350.00000         368.00000           10.00000            
