popsize, maxsubsize, migration, mutation, rec1, rec2, numinds, numindssub, maxrepro, overdom, numgens, parthreduction, parthpenalty, plotnumber

50000 5000 500000 10000 0.5 0.5 1 1 300 0 1000 0.01 0 001
50000 5000 500000 10000 0.5 0.5 1 1 300 0 1000 0.01 0.0033333333333333335 002
50000 5000 500000 10000 0.5 0.5 1 1 300 0 1000 0.01 0.006666666666666667 003
50000 5000 500000 10000 0.5 0.5 1 1 300 0 1000 0.01 0.03 004
50000 5000 500000 10000 0.5 0.5 1 1 300 0 1000 0.01 0.04 005
50000 5000 500000 10000 0.5 0.5 1 2 300 0 1000 0.01 0 006
50000 5000 500000 10000 0.5 0.5 1 2 300 0 1000 0.01 0.0033333333333333335 007
50000 5000 500000 10000 0.5 0.5 1 2 300 0 1000 0.01 0.006666666666666667 008
50000 5000 500000 10000 0.5 0.5 1 2 300 0 1000 0.01 0.03 009
50000 5000 500000 10000 0.5 0.5 1 2 300 0 1000 0.01 0.04 010
50000 5000 500000 10000 0.5 0.5 2 1 300 0 1000 0.01 0 011
50000 5000 500000 10000 0.5 0.5 2 1 300 0 1000 0.01 0.0033333333333333335 012
50000 5000 500000 10000 0.5 0.5 2 1 300 0 1000 0.01 0.006666666666666667 013
50000 5000 500000 10000 0.5 0.5 2 1 300 0 1000 0.01 0.03 014
50000 5000 500000 10000 0.5 0.5 2 1 300 0 1000 0.01 0.04 015
50000 5000 500000 10000 0.5 0.5 2 2 300 0 1000 0.01 0 016
50000 5000 500000 10000 0.5 0.5 2 2 300 0 1000 0.01 0.0033333333333333335 017
50000 5000 500000 10000 0.5 0.5 2 2 300 0 1000 0.01 0.006666666666666667 018
50000 5000 500000 10000 0.5 0.5 2 2 300 0 1000 0.01 0.03 019
50000 5000 500000 10000 0.5 0.5 2 2 300 0 1000 0.01 0.04 020
50000 5000 500000 10000 0.5 0.5 1 10 300 0 1000 0.01 0 021
50000 5000 500000 10000 0.5 0.5 1 10 300 0 1000 0.01 0.0033333333333333335 022
50000 5000 500000 10000 0.5 0.5 1 10 300 0 1000 0.01 0.006666666666666667 023
50000 5000 500000 10000 0.5 0.5 1 10 300 0 1000 0.01 0.03 024
50000 5000 500000 10000 0.5 0.5 1 10 300 0 1000 0.01 0.04 025
50000 5000 500000 10000 0.5 0.5 10 1 300 0 1000 0.01 0 026
50000 5000 500000 10000 0.5 0.5 10 1 300 0 1000 0.01 0.0033333333333333335 027
50000 5000 500000 10000 0.5 0.5 10 1 300 0 1000 0.01 0.006666666666666667 028
50000 5000 500000 10000 0.5 0.5 10 1 300 0 1000 0.01 0.03 029
50000 5000 500000 10000 0.5 0.5 10 1 300 0 1000 0.01 0.04 030
50000 5000 500000 10000 0.5 0.5 12 6 300 0 1000 0.01 0 031
50000 5000 500000 10000 0.5 0.5 12 6 300 0 1000 0.01 0.0033333333333333335 032
50000 5000 500000 10000 0.5 0.5 12 6 300 0 1000 0.01 0.006666666666666667 033
50000 5000 500000 10000 0.5 0.5 12 6 300 0 1000 0.01 0.03 034
50000 5000 500000 10000 0.5 0.5 12 6 300 0 1000 0.01 0.04 035
50000 5000 500000 10000 0.5 0.5 24 12 300 0 1000 0.01 0 036
50000 5000 500000 10000 0.5 0.5 24 12 300 0 1000 0.01 0.0033333333333333335 037
50000 5000 500000 10000 0.5 0.5 24 12 300 0 1000 0.01 0.006666666666666667 038
50000 5000 500000 10000 0.5 0.5 24 12 300 0 1000 0.01 0.03 039
50000 5000 500000 10000 0.5 0.5 24 12 300 0 1000 0.01 0.04 040
50000 5000 500000 10000 0.5 0.5 50 25 300 0 1000 0.01 0 041
50000 5000 500000 10000 0.5 0.5 50 25 300 0 1000 0.01 0.0033333333333333335 042
50000 5000 500000 10000 0.5 0.5 50 25 300 0 1000 0.01 0.006666666666666667 043
50000 5000 500000 10000 0.5 0.5 50 25 300 0 1000 0.01 0.03 044
50000 5000 500000 10000 0.5 0.5 50 25 300 0 1000 0.01 0.04 045
50000 5000 500000 100000 0.5 0.5 1 1 300 0 1000 0.01 0 046
50000 5000 500000 100000 0.5 0.5 1 1 300 0 1000 0.01 0.0033333333333333335 047
50000 5000 500000 100000 0.5 0.5 1 1 300 0 1000 0.01 0.006666666666666667 048
50000 5000 500000 100000 0.5 0.5 1 1 300 0 1000 0.01 0.03 049
50000 5000 500000 100000 0.5 0.5 1 1 300 0 1000 0.01 0.04 050
50000 5000 500000 100000 0.5 0.5 1 2 300 0 1000 0.01 0 051
50000 5000 500000 100000 0.5 0.5 1 2 300 0 1000 0.01 0.0033333333333333335 052
50000 5000 500000 100000 0.5 0.5 1 2 300 0 1000 0.01 0.006666666666666667 053
50000 5000 500000 100000 0.5 0.5 1 2 300 0 1000 0.01 0.03 054
50000 5000 500000 100000 0.5 0.5 1 2 300 0 1000 0.01 0.04 055
50000 5000 500000 100000 0.5 0.5 2 1 300 0 1000 0.01 0 056
50000 5000 500000 100000 0.5 0.5 2 1 300 0 1000 0.01 0.0033333333333333335 057
50000 5000 500000 100000 0.5 0.5 2 1 300 0 1000 0.01 0.006666666666666667 058
50000 5000 500000 100000 0.5 0.5 2 1 300 0 1000 0.01 0.03 059
50000 5000 500000 100000 0.5 0.5 2 1 300 0 1000 0.01 0.04 060
50000 5000 500000 100000 0.5 0.5 2 2 300 0 1000 0.01 0 061
50000 5000 500000 100000 0.5 0.5 2 2 300 0 1000 0.01 0.0033333333333333335 062
50000 5000 500000 100000 0.5 0.5 2 2 300 0 1000 0.01 0.006666666666666667 063
50000 5000 500000 100000 0.5 0.5 2 2 300 0 1000 0.01 0.03 064
50000 5000 500000 100000 0.5 0.5 2 2 300 0 1000 0.01 0.04 065
50000 5000 500000 100000 0.5 0.5 1 10 300 0 1000 0.01 0 066
50000 5000 500000 100000 0.5 0.5 1 10 300 0 1000 0.01 0.0033333333333333335 067
50000 5000 500000 100000 0.5 0.5 1 10 300 0 1000 0.01 0.006666666666666667 068
50000 5000 500000 100000 0.5 0.5 1 10 300 0 1000 0.01 0.03 069
50000 5000 500000 100000 0.5 0.5 1 10 300 0 1000 0.01 0.04 070
50000 5000 500000 100000 0.5 0.5 10 1 300 0 1000 0.01 0 071
50000 5000 500000 100000 0.5 0.5 10 1 300 0 1000 0.01 0.0033333333333333335 072
50000 5000 500000 100000 0.5 0.5 10 1 300 0 1000 0.01 0.006666666666666667 073
50000 5000 500000 100000 0.5 0.5 10 1 300 0 1000 0.01 0.03 074
50000 5000 500000 100000 0.5 0.5 10 1 300 0 1000 0.01 0.04 075
50000 5000 500000 100000 0.5 0.5 12 6 300 0 1000 0.01 0 076
50000 5000 500000 100000 0.5 0.5 12 6 300 0 1000 0.01 0.0033333333333333335 077
50000 5000 500000 100000 0.5 0.5 12 6 300 0 1000 0.01 0.006666666666666667 078
50000 5000 500000 100000 0.5 0.5 12 6 300 0 1000 0.01 0.03 079
50000 5000 500000 100000 0.5 0.5 12 6 300 0 1000 0.01 0.04 080
50000 5000 500000 100000 0.5 0.5 24 12 300 0 1000 0.01 0 081
50000 5000 500000 100000 0.5 0.5 24 12 300 0 1000 0.01 0.0033333333333333335 082
50000 5000 500000 100000 0.5 0.5 24 12 300 0 1000 0.01 0.006666666666666667 083
50000 5000 500000 100000 0.5 0.5 24 12 300 0 1000 0.01 0.03 084
50000 5000 500000 100000 0.5 0.5 24 12 300 0 1000 0.01 0.04 085
50000 5000 500000 100000 0.5 0.5 50 25 300 0 1000 0.01 0 086
50000 5000 500000 100000 0.5 0.5 50 25 300 0 1000 0.01 0.0033333333333333335 087
50000 5000 500000 100000 0.5 0.5 50 25 300 0 1000 0.01 0.006666666666666667 088
50000 5000 500000 100000 0.5 0.5 50 25 300 0 1000 0.01 0.03 089
50000 5000 500000 100000 0.5 0.5 50 25 300 0 1000 0.01 0.04 090
50000 5000 500000 10000000 0.5 0.5 1 1 300 0 1000 0.01 0 091
50000 5000 500000 10000000 0.5 0.5 1 1 300 0 1000 0.01 0.0033333333333333335 092
50000 5000 500000 10000000 0.5 0.5 1 1 300 0 1000 0.01 0.006666666666666667 093
50000 5000 500000 10000000 0.5 0.5 1 1 300 0 1000 0.01 0.03 094
50000 5000 500000 10000000 0.5 0.5 1 1 300 0 1000 0.01 0.04 095
50000 5000 500000 10000000 0.5 0.5 1 2 300 0 1000 0.01 0 096
50000 5000 500000 10000000 0.5 0.5 1 2 300 0 1000 0.01 0.0033333333333333335 097
50000 5000 500000 10000000 0.5 0.5 1 2 300 0 1000 0.01 0.006666666666666667 098
50000 5000 500000 10000000 0.5 0.5 1 2 300 0 1000 0.01 0.03 099
50000 5000 500000 10000000 0.5 0.5 1 2 300 0 1000 0.01 0.04 100
50000 5000 500000 10000000 0.5 0.5 2 1 300 0 1000 0.01 0 101
50000 5000 500000 10000000 0.5 0.5 2 1 300 0 1000 0.01 0.0033333333333333335 102
50000 5000 500000 10000000 0.5 0.5 2 1 300 0 1000 0.01 0.006666666666666667 103
50000 5000 500000 10000000 0.5 0.5 2 1 300 0 1000 0.01 0.03 104
50000 5000 500000 10000000 0.5 0.5 2 1 300 0 1000 0.01 0.04 105
50000 5000 500000 10000000 0.5 0.5 2 2 300 0 1000 0.01 0 106
50000 5000 500000 10000000 0.5 0.5 2 2 300 0 1000 0.01 0.0033333333333333335 107
50000 5000 500000 10000000 0.5 0.5 2 2 300 0 1000 0.01 0.006666666666666667 108
50000 5000 500000 10000000 0.5 0.5 2 2 300 0 1000 0.01 0.03 109
50000 5000 500000 10000000 0.5 0.5 2 2 300 0 1000 0.01 0.04 110
50000 5000 500000 10000000 0.5 0.5 1 10 300 0 1000 0.01 0 111
50000 5000 500000 10000000 0.5 0.5 1 10 300 0 1000 0.01 0.0033333333333333335 112
50000 5000 500000 10000000 0.5 0.5 1 10 300 0 1000 0.01 0.006666666666666667 113
50000 5000 500000 10000000 0.5 0.5 1 10 300 0 1000 0.01 0.03 114
50000 5000 500000 10000000 0.5 0.5 1 10 300 0 1000 0.01 0.04 115
50000 5000 500000 10000000 0.5 0.5 10 1 300 0 1000 0.01 0 116
50000 5000 500000 10000000 0.5 0.5 10 1 300 0 1000 0.01 0.0033333333333333335 117
50000 5000 500000 10000000 0.5 0.5 10 1 300 0 1000 0.01 0.006666666666666667 118
50000 5000 500000 10000000 0.5 0.5 10 1 300 0 1000 0.01 0.03 119
50000 5000 500000 10000000 0.5 0.5 10 1 300 0 1000 0.01 0.04 120
50000 5000 500000 10000000 0.5 0.5 12 6 300 0 1000 0.01 0 121
50000 5000 500000 10000000 0.5 0.5 12 6 300 0 1000 0.01 0.0033333333333333335 122
50000 5000 500000 10000000 0.5 0.5 12 6 300 0 1000 0.01 0.006666666666666667 123
50000 5000 500000 10000000 0.5 0.5 12 6 300 0 1000 0.01 0.03 124
50000 5000 500000 10000000 0.5 0.5 12 6 300 0 1000 0.01 0.04 125
50000 5000 500000 10000000 0.5 0.5 24 12 300 0 1000 0.01 0 126
50000 5000 500000 10000000 0.5 0.5 24 12 300 0 1000 0.01 0.0033333333333333335 127
50000 5000 500000 10000000 0.5 0.5 24 12 300 0 1000 0.01 0.006666666666666667 128
50000 5000 500000 10000000 0.5 0.5 24 12 300 0 1000 0.01 0.03 129
50000 5000 500000 10000000 0.5 0.5 24 12 300 0 1000 0.01 0.04 130
50000 5000 500000 10000000 0.5 0.5 50 25 300 0 1000 0.01 0 131
50000 5000 500000 10000000 0.5 0.5 50 25 300 0 1000 0.01 0.0033333333333333335 132
50000 5000 500000 10000000 0.5 0.5 50 25 300 0 1000 0.01 0.006666666666666667 133
50000 5000 500000 10000000 0.5 0.5 50 25 300 0 1000 0.01 0.03 134
50000 5000 500000 10000000 0.5 0.5 50 25 300 0 1000 0.01 0.04 135
50000 5000 500000 100000000 0.5 0.5 1 1 300 0 1000 0.01 0 136
50000 5000 500000 100000000 0.5 0.5 1 1 300 0 1000 0.01 0.0033333333333333335 137
50000 5000 500000 100000000 0.5 0.5 1 1 300 0 1000 0.01 0.006666666666666667 138
50000 5000 500000 100000000 0.5 0.5 1 1 300 0 1000 0.01 0.03 139
50000 5000 500000 100000000 0.5 0.5 1 1 300 0 1000 0.01 0.04 140
50000 5000 500000 100000000 0.5 0.5 1 2 300 0 1000 0.01 0 141
50000 5000 500000 100000000 0.5 0.5 1 2 300 0 1000 0.01 0.0033333333333333335 142
50000 5000 500000 100000000 0.5 0.5 1 2 300 0 1000 0.01 0.006666666666666667 143
50000 5000 500000 100000000 0.5 0.5 1 2 300 0 1000 0.01 0.03 144
50000 5000 500000 100000000 0.5 0.5 1 2 300 0 1000 0.01 0.04 145
50000 5000 500000 100000000 0.5 0.5 2 1 300 0 1000 0.01 0 146
50000 5000 500000 100000000 0.5 0.5 2 1 300 0 1000 0.01 0.0033333333333333335 147
50000 5000 500000 100000000 0.5 0.5 2 1 300 0 1000 0.01 0.006666666666666667 148
50000 5000 500000 100000000 0.5 0.5 2 1 300 0 1000 0.01 0.03 149
50000 5000 500000 100000000 0.5 0.5 2 1 300 0 1000 0.01 0.04 150
50000 5000 500000 100000000 0.5 0.5 2 2 300 0 1000 0.01 0 151
50000 5000 500000 100000000 0.5 0.5 2 2 300 0 1000 0.01 0.0033333333333333335 152
50000 5000 500000 100000000 0.5 0.5 2 2 300 0 1000 0.01 0.006666666666666667 153
50000 5000 500000 100000000 0.5 0.5 2 2 300 0 1000 0.01 0.03 154
50000 5000 500000 100000000 0.5 0.5 2 2 300 0 1000 0.01 0.04 155
50000 5000 500000 100000000 0.5 0.5 1 10 300 0 1000 0.01 0 156
50000 5000 500000 100000000 0.5 0.5 1 10 300 0 1000 0.01 0.0033333333333333335 157
50000 5000 500000 100000000 0.5 0.5 1 10 300 0 1000 0.01 0.006666666666666667 158
50000 5000 500000 100000000 0.5 0.5 1 10 300 0 1000 0.01 0.03 159
50000 5000 500000 100000000 0.5 0.5 1 10 300 0 1000 0.01 0.04 160
50000 5000 500000 100000000 0.5 0.5 10 1 300 0 1000 0.01 0 161
50000 5000 500000 100000000 0.5 0.5 10 1 300 0 1000 0.01 0.0033333333333333335 162
50000 5000 500000 100000000 0.5 0.5 10 1 300 0 1000 0.01 0.006666666666666667 163
50000 5000 500000 100000000 0.5 0.5 10 1 300 0 1000 0.01 0.03 164
50000 5000 500000 100000000 0.5 0.5 10 1 300 0 1000 0.01 0.04 165
50000 5000 500000 100000000 0.5 0.5 12 6 300 0 1000 0.01 0 166
50000 5000 500000 100000000 0.5 0.5 12 6 300 0 1000 0.01 0.0033333333333333335 167
50000 5000 500000 100000000 0.5 0.5 12 6 300 0 1000 0.01 0.006666666666666667 168
50000 5000 500000 100000000 0.5 0.5 12 6 300 0 1000 0.01 0.03 169
50000 5000 500000 100000000 0.5 0.5 12 6 300 0 1000 0.01 0.04 170
50000 5000 500000 100000000 0.5 0.5 24 12 300 0 1000 0.01 0 171
50000 5000 500000 100000000 0.5 0.5 24 12 300 0 1000 0.01 0.0033333333333333335 172
50000 5000 500000 100000000 0.5 0.5 24 12 300 0 1000 0.01 0.006666666666666667 173
50000 5000 500000 100000000 0.5 0.5 24 12 300 0 1000 0.01 0.03 174
50000 5000 500000 100000000 0.5 0.5 24 12 300 0 1000 0.01 0.04 175
50000 5000 500000 100000000 0.5 0.5 50 25 300 0 1000 0.01 0 176
50000 5000 500000 100000000 0.5 0.5 50 25 300 0 1000 0.01 0.0033333333333333335 177
50000 5000 500000 100000000 0.5 0.5 50 25 300 0 1000 0.01 0.006666666666666667 178
50000 5000 500000 100000000 0.5 0.5 50 25 300 0 1000 0.01 0.03 179
50000 5000 500000 100000000 0.5 0.5 50 25 300 0 1000 0.01 0.04 180
50000 1000 500000 10000 0.5 0.5 1 1 300 0 1000 0.01 0 181
50000 1000 500000 10000 0.5 0.5 1 1 300 0 1000 0.01 0.0033333333333333335 182
50000 1000 500000 10000 0.5 0.5 1 1 300 0 1000 0.01 0.006666666666666667 183
50000 1000 500000 10000 0.5 0.5 1 1 300 0 1000 0.01 0.03 184
50000 1000 500000 10000 0.5 0.5 1 1 300 0 1000 0.01 0.04 185
50000 1000 500000 10000 0.5 0.5 1 2 300 0 1000 0.01 0 186
50000 1000 500000 10000 0.5 0.5 1 2 300 0 1000 0.01 0.0033333333333333335 187
50000 1000 500000 10000 0.5 0.5 1 2 300 0 1000 0.01 0.006666666666666667 188
50000 1000 500000 10000 0.5 0.5 1 2 300 0 1000 0.01 0.03 189
50000 1000 500000 10000 0.5 0.5 1 2 300 0 1000 0.01 0.04 190
50000 1000 500000 10000 0.5 0.5 2 1 300 0 1000 0.01 0 191
50000 1000 500000 10000 0.5 0.5 2 1 300 0 1000 0.01 0.0033333333333333335 192
50000 1000 500000 10000 0.5 0.5 2 1 300 0 1000 0.01 0.006666666666666667 193
50000 1000 500000 10000 0.5 0.5 2 1 300 0 1000 0.01 0.03 194
50000 1000 500000 10000 0.5 0.5 2 1 300 0 1000 0.01 0.04 195
50000 1000 500000 10000 0.5 0.5 2 2 300 0 1000 0.01 0 196
50000 1000 500000 10000 0.5 0.5 2 2 300 0 1000 0.01 0.0033333333333333335 197
50000 1000 500000 10000 0.5 0.5 2 2 300 0 1000 0.01 0.006666666666666667 198
50000 1000 500000 10000 0.5 0.5 2 2 300 0 1000 0.01 0.03 199
50000 1000 500000 10000 0.5 0.5 2 2 300 0 1000 0.01 0.04 200
50000 1000 500000 10000 0.5 0.5 1 10 300 0 1000 0.01 0 201
50000 1000 500000 10000 0.5 0.5 1 10 300 0 1000 0.01 0.0033333333333333335 202
50000 1000 500000 10000 0.5 0.5 1 10 300 0 1000 0.01 0.006666666666666667 203
50000 1000 500000 10000 0.5 0.5 1 10 300 0 1000 0.01 0.03 204
50000 1000 500000 10000 0.5 0.5 1 10 300 0 1000 0.01 0.04 205
50000 1000 500000 10000 0.5 0.5 10 1 300 0 1000 0.01 0 206
50000 1000 500000 10000 0.5 0.5 10 1 300 0 1000 0.01 0.0033333333333333335 207
50000 1000 500000 10000 0.5 0.5 10 1 300 0 1000 0.01 0.006666666666666667 208
50000 1000 500000 10000 0.5 0.5 10 1 300 0 1000 0.01 0.03 209
50000 1000 500000 10000 0.5 0.5 10 1 300 0 1000 0.01 0.04 210
50000 1000 500000 10000 0.5 0.5 12 6 300 0 1000 0.01 0 211
50000 1000 500000 10000 0.5 0.5 12 6 300 0 1000 0.01 0.0033333333333333335 212
50000 1000 500000 10000 0.5 0.5 12 6 300 0 1000 0.01 0.006666666666666667 213
50000 1000 500000 10000 0.5 0.5 12 6 300 0 1000 0.01 0.03 214
50000 1000 500000 10000 0.5 0.5 12 6 300 0 1000 0.01 0.04 215
50000 1000 500000 10000 0.5 0.5 24 12 300 0 1000 0.01 0 216
50000 1000 500000 10000 0.5 0.5 24 12 300 0 1000 0.01 0.0033333333333333335 217
50000 1000 500000 10000 0.5 0.5 24 12 300 0 1000 0.01 0.006666666666666667 218
50000 1000 500000 10000 0.5 0.5 24 12 300 0 1000 0.01 0.03 219
50000 1000 500000 10000 0.5 0.5 24 12 300 0 1000 0.01 0.04 220
50000 1000 500000 10000 0.5 0.5 50 25 300 0 1000 0.01 0 221
50000 1000 500000 10000 0.5 0.5 50 25 300 0 1000 0.01 0.0033333333333333335 222
50000 1000 500000 10000 0.5 0.5 50 25 300 0 1000 0.01 0.006666666666666667 223
50000 1000 500000 10000 0.5 0.5 50 25 300 0 1000 0.01 0.03 224
50000 1000 500000 10000 0.5 0.5 50 25 300 0 1000 0.01 0.04 225
50000 1000 500000 100000 0.5 0.5 1 1 300 0 1000 0.01 0 226
50000 1000 500000 100000 0.5 0.5 1 1 300 0 1000 0.01 0.0033333333333333335 227
50000 1000 500000 100000 0.5 0.5 1 1 300 0 1000 0.01 0.006666666666666667 228
50000 1000 500000 100000 0.5 0.5 1 1 300 0 1000 0.01 0.03 229
50000 1000 500000 100000 0.5 0.5 1 1 300 0 1000 0.01 0.04 230
50000 1000 500000 100000 0.5 0.5 1 2 300 0 1000 0.01 0 231
50000 1000 500000 100000 0.5 0.5 1 2 300 0 1000 0.01 0.0033333333333333335 232
50000 1000 500000 100000 0.5 0.5 1 2 300 0 1000 0.01 0.006666666666666667 233
50000 1000 500000 100000 0.5 0.5 1 2 300 0 1000 0.01 0.03 234
50000 1000 500000 100000 0.5 0.5 1 2 300 0 1000 0.01 0.04 235
50000 1000 500000 100000 0.5 0.5 2 1 300 0 1000 0.01 0 236
50000 1000 500000 100000 0.5 0.5 2 1 300 0 1000 0.01 0.0033333333333333335 237
50000 1000 500000 100000 0.5 0.5 2 1 300 0 1000 0.01 0.006666666666666667 238
50000 1000 500000 100000 0.5 0.5 2 1 300 0 1000 0.01 0.03 239
50000 1000 500000 100000 0.5 0.5 2 1 300 0 1000 0.01 0.04 240
50000 1000 500000 100000 0.5 0.5 2 2 300 0 1000 0.01 0 241
50000 1000 500000 100000 0.5 0.5 2 2 300 0 1000 0.01 0.0033333333333333335 242
50000 1000 500000 100000 0.5 0.5 2 2 300 0 1000 0.01 0.006666666666666667 243
50000 1000 500000 100000 0.5 0.5 2 2 300 0 1000 0.01 0.03 244
50000 1000 500000 100000 0.5 0.5 2 2 300 0 1000 0.01 0.04 245
50000 1000 500000 100000 0.5 0.5 1 10 300 0 1000 0.01 0 246
50000 1000 500000 100000 0.5 0.5 1 10 300 0 1000 0.01 0.0033333333333333335 247
50000 1000 500000 100000 0.5 0.5 1 10 300 0 1000 0.01 0.006666666666666667 248
50000 1000 500000 100000 0.5 0.5 1 10 300 0 1000 0.01 0.03 249
50000 1000 500000 100000 0.5 0.5 1 10 300 0 1000 0.01 0.04 250
50000 1000 500000 100000 0.5 0.5 10 1 300 0 1000 0.01 0 251
50000 1000 500000 100000 0.5 0.5 10 1 300 0 1000 0.01 0.0033333333333333335 252
50000 1000 500000 100000 0.5 0.5 10 1 300 0 1000 0.01 0.006666666666666667 253
50000 1000 500000 100000 0.5 0.5 10 1 300 0 1000 0.01 0.03 254
50000 1000 500000 100000 0.5 0.5 10 1 300 0 1000 0.01 0.04 255
50000 1000 500000 100000 0.5 0.5 12 6 300 0 1000 0.01 0 256
50000 1000 500000 100000 0.5 0.5 12 6 300 0 1000 0.01 0.0033333333333333335 257
50000 1000 500000 100000 0.5 0.5 12 6 300 0 1000 0.01 0.006666666666666667 258
50000 1000 500000 100000 0.5 0.5 12 6 300 0 1000 0.01 0.03 259
50000 1000 500000 100000 0.5 0.5 12 6 300 0 1000 0.01 0.04 260
50000 1000 500000 100000 0.5 0.5 24 12 300 0 1000 0.01 0 261
50000 1000 500000 100000 0.5 0.5 24 12 300 0 1000 0.01 0.0033333333333333335 262
50000 1000 500000 100000 0.5 0.5 24 12 300 0 1000 0.01 0.006666666666666667 263
50000 1000 500000 100000 0.5 0.5 24 12 300 0 1000 0.01 0.03 264
50000 1000 500000 100000 0.5 0.5 24 12 300 0 1000 0.01 0.04 265
50000 1000 500000 100000 0.5 0.5 50 25 300 0 1000 0.01 0 266
50000 1000 500000 100000 0.5 0.5 50 25 300 0 1000 0.01 0.0033333333333333335 267
50000 1000 500000 100000 0.5 0.5 50 25 300 0 1000 0.01 0.006666666666666667 268
50000 1000 500000 100000 0.5 0.5 50 25 300 0 1000 0.01 0.03 269
50000 1000 500000 100000 0.5 0.5 50 25 300 0 1000 0.01 0.04 270
50000 1000 500000 10000000 0.5 0.5 1 1 300 0 1000 0.01 0 271
50000 1000 500000 10000000 0.5 0.5 1 1 300 0 1000 0.01 0.0033333333333333335 272
50000 1000 500000 10000000 0.5 0.5 1 1 300 0 1000 0.01 0.006666666666666667 273
50000 1000 500000 10000000 0.5 0.5 1 1 300 0 1000 0.01 0.03 274
50000 1000 500000 10000000 0.5 0.5 1 1 300 0 1000 0.01 0.04 275
50000 1000 500000 10000000 0.5 0.5 1 2 300 0 1000 0.01 0 276
50000 1000 500000 10000000 0.5 0.5 1 2 300 0 1000 0.01 0.0033333333333333335 277
50000 1000 500000 10000000 0.5 0.5 1 2 300 0 1000 0.01 0.006666666666666667 278
50000 1000 500000 10000000 0.5 0.5 1 2 300 0 1000 0.01 0.03 279
50000 1000 500000 10000000 0.5 0.5 1 2 300 0 1000 0.01 0.04 280
50000 1000 500000 10000000 0.5 0.5 2 1 300 0 1000 0.01 0 281
50000 1000 500000 10000000 0.5 0.5 2 1 300 0 1000 0.01 0.0033333333333333335 282
50000 1000 500000 10000000 0.5 0.5 2 1 300 0 1000 0.01 0.006666666666666667 283
50000 1000 500000 10000000 0.5 0.5 2 1 300 0 1000 0.01 0.03 284
50000 1000 500000 10000000 0.5 0.5 2 1 300 0 1000 0.01 0.04 285
50000 1000 500000 10000000 0.5 0.5 2 2 300 0 1000 0.01 0 286
50000 1000 500000 10000000 0.5 0.5 2 2 300 0 1000 0.01 0.0033333333333333335 287
50000 1000 500000 10000000 0.5 0.5 2 2 300 0 1000 0.01 0.006666666666666667 288
50000 1000 500000 10000000 0.5 0.5 2 2 300 0 1000 0.01 0.03 289
50000 1000 500000 10000000 0.5 0.5 2 2 300 0 1000 0.01 0.04 290
50000 1000 500000 10000000 0.5 0.5 1 10 300 0 1000 0.01 0 291
50000 1000 500000 10000000 0.5 0.5 1 10 300 0 1000 0.01 0.0033333333333333335 292
50000 1000 500000 10000000 0.5 0.5 1 10 300 0 1000 0.01 0.006666666666666667 293
50000 1000 500000 10000000 0.5 0.5 1 10 300 0 1000 0.01 0.03 294
50000 1000 500000 10000000 0.5 0.5 1 10 300 0 1000 0.01 0.04 295
50000 1000 500000 10000000 0.5 0.5 10 1 300 0 1000 0.01 0 296
50000 1000 500000 10000000 0.5 0.5 10 1 300 0 1000 0.01 0.0033333333333333335 297
50000 1000 500000 10000000 0.5 0.5 10 1 300 0 1000 0.01 0.006666666666666667 298
50000 1000 500000 10000000 0.5 0.5 10 1 300 0 1000 0.01 0.03 299
50000 1000 500000 10000000 0.5 0.5 10 1 300 0 1000 0.01 0.04 300
50000 1000 500000 10000000 0.5 0.5 12 6 300 0 1000 0.01 0 301
50000 1000 500000 10000000 0.5 0.5 12 6 300 0 1000 0.01 0.0033333333333333335 302
50000 1000 500000 10000000 0.5 0.5 12 6 300 0 1000 0.01 0.006666666666666667 303
50000 1000 500000 10000000 0.5 0.5 12 6 300 0 1000 0.01 0.03 304
50000 1000 500000 10000000 0.5 0.5 12 6 300 0 1000 0.01 0.04 305
50000 1000 500000 10000000 0.5 0.5 24 12 300 0 1000 0.01 0 306
50000 1000 500000 10000000 0.5 0.5 24 12 300 0 1000 0.01 0.0033333333333333335 307
50000 1000 500000 10000000 0.5 0.5 24 12 300 0 1000 0.01 0.006666666666666667 308
50000 1000 500000 10000000 0.5 0.5 24 12 300 0 1000 0.01 0.03 309
50000 1000 500000 10000000 0.5 0.5 24 12 300 0 1000 0.01 0.04 310
50000 1000 500000 10000000 0.5 0.5 50 25 300 0 1000 0.01 0 311
50000 1000 500000 10000000 0.5 0.5 50 25 300 0 1000 0.01 0.0033333333333333335 312
50000 1000 500000 10000000 0.5 0.5 50 25 300 0 1000 0.01 0.006666666666666667 313
50000 1000 500000 10000000 0.5 0.5 50 25 300 0 1000 0.01 0.03 314
50000 1000 500000 10000000 0.5 0.5 50 25 300 0 1000 0.01 0.04 315
50000 1000 500000 100000000 0.5 0.5 1 1 300 0 1000 0.01 0 316
50000 1000 500000 100000000 0.5 0.5 1 1 300 0 1000 0.01 0.0033333333333333335 317
50000 1000 500000 100000000 0.5 0.5 1 1 300 0 1000 0.01 0.006666666666666667 318
50000 1000 500000 100000000 0.5 0.5 1 1 300 0 1000 0.01 0.03 319
50000 1000 500000 100000000 0.5 0.5 1 1 300 0 1000 0.01 0.04 320
50000 1000 500000 100000000 0.5 0.5 1 2 300 0 1000 0.01 0 321
50000 1000 500000 100000000 0.5 0.5 1 2 300 0 1000 0.01 0.0033333333333333335 322
50000 1000 500000 100000000 0.5 0.5 1 2 300 0 1000 0.01 0.006666666666666667 323
50000 1000 500000 100000000 0.5 0.5 1 2 300 0 1000 0.01 0.03 324
50000 1000 500000 100000000 0.5 0.5 1 2 300 0 1000 0.01 0.04 325
50000 1000 500000 100000000 0.5 0.5 2 1 300 0 1000 0.01 0 326
50000 1000 500000 100000000 0.5 0.5 2 1 300 0 1000 0.01 0.0033333333333333335 327
50000 1000 500000 100000000 0.5 0.5 2 1 300 0 1000 0.01 0.006666666666666667 328
50000 1000 500000 100000000 0.5 0.5 2 1 300 0 1000 0.01 0.03 329
50000 1000 500000 100000000 0.5 0.5 2 1 300 0 1000 0.01 0.04 330
50000 1000 500000 100000000 0.5 0.5 2 2 300 0 1000 0.01 0 331
50000 1000 500000 100000000 0.5 0.5 2 2 300 0 1000 0.01 0.0033333333333333335 332
50000 1000 500000 100000000 0.5 0.5 2 2 300 0 1000 0.01 0.006666666666666667 333
50000 1000 500000 100000000 0.5 0.5 2 2 300 0 1000 0.01 0.03 334
50000 1000 500000 100000000 0.5 0.5 2 2 300 0 1000 0.01 0.04 335
50000 1000 500000 100000000 0.5 0.5 1 10 300 0 1000 0.01 0 336
50000 1000 500000 100000000 0.5 0.5 1 10 300 0 1000 0.01 0.0033333333333333335 337
50000 1000 500000 100000000 0.5 0.5 1 10 300 0 1000 0.01 0.006666666666666667 338
50000 1000 500000 100000000 0.5 0.5 1 10 300 0 1000 0.01 0.03 339
50000 1000 500000 100000000 0.5 0.5 1 10 300 0 1000 0.01 0.04 340
50000 1000 500000 100000000 0.5 0.5 10 1 300 0 1000 0.01 0 341
50000 1000 500000 100000000 0.5 0.5 10 1 300 0 1000 0.01 0.0033333333333333335 342
50000 1000 500000 100000000 0.5 0.5 10 1 300 0 1000 0.01 0.006666666666666667 343
50000 1000 500000 100000000 0.5 0.5 10 1 300 0 1000 0.01 0.03 344
50000 1000 500000 100000000 0.5 0.5 10 1 300 0 1000 0.01 0.04 345
50000 1000 500000 100000000 0.5 0.5 12 6 300 0 1000 0.01 0 346
50000 1000 500000 100000000 0.5 0.5 12 6 300 0 1000 0.01 0.0033333333333333335 347
50000 1000 500000 100000000 0.5 0.5 12 6 300 0 1000 0.01 0.006666666666666667 348
50000 1000 500000 100000000 0.5 0.5 12 6 300 0 1000 0.01 0.03 349
50000 1000 500000 100000000 0.5 0.5 12 6 300 0 1000 0.01 0.04 350
50000 1000 500000 100000000 0.5 0.5 24 12 300 0 1000 0.01 0 351
50000 1000 500000 100000000 0.5 0.5 24 12 300 0 1000 0.01 0.0033333333333333335 352
50000 1000 500000 100000000 0.5 0.5 24 12 300 0 1000 0.01 0.006666666666666667 353
50000 1000 500000 100000000 0.5 0.5 24 12 300 0 1000 0.01 0.03 354
50000 1000 500000 100000000 0.5 0.5 24 12 300 0 1000 0.01 0.04 355
50000 1000 500000 100000000 0.5 0.5 50 25 300 0 1000 0.01 0 356
50000 1000 500000 100000000 0.5 0.5 50 25 300 0 1000 0.01 0.0033333333333333335 357
50000 1000 500000 100000000 0.5 0.5 50 25 300 0 1000 0.01 0.006666666666666667 358
50000 1000 500000 100000000 0.5 0.5 50 25 300 0 1000 0.01 0.03 359
50000 1000 500000 100000000 0.5 0.5 50 25 300 0 1000 0.01 0.04 360
50000 200 500000 10000 0.5 0.5 1 1 300 0 1000 0.01 0 361
50000 200 500000 10000 0.5 0.5 1 1 300 0 1000 0.01 0.0033333333333333335 362
50000 200 500000 10000 0.5 0.5 1 1 300 0 1000 0.01 0.006666666666666667 363
50000 200 500000 10000 0.5 0.5 1 1 300 0 1000 0.01 0.03 364
50000 200 500000 10000 0.5 0.5 1 1 300 0 1000 0.01 0.04 365
50000 200 500000 10000 0.5 0.5 1 2 300 0 1000 0.01 0 366
50000 200 500000 10000 0.5 0.5 1 2 300 0 1000 0.01 0.0033333333333333335 367
50000 200 500000 10000 0.5 0.5 1 2 300 0 1000 0.01 0.006666666666666667 368
50000 200 500000 10000 0.5 0.5 1 2 300 0 1000 0.01 0.03 369
50000 200 500000 10000 0.5 0.5 1 2 300 0 1000 0.01 0.04 370
50000 200 500000 10000 0.5 0.5 2 1 300 0 1000 0.01 0 371
50000 200 500000 10000 0.5 0.5 2 1 300 0 1000 0.01 0.0033333333333333335 372
50000 200 500000 10000 0.5 0.5 2 1 300 0 1000 0.01 0.006666666666666667 373
50000 200 500000 10000 0.5 0.5 2 1 300 0 1000 0.01 0.03 374
50000 200 500000 10000 0.5 0.5 2 1 300 0 1000 0.01 0.04 375
50000 200 500000 10000 0.5 0.5 2 2 300 0 1000 0.01 0 376
50000 200 500000 10000 0.5 0.5 2 2 300 0 1000 0.01 0.0033333333333333335 377
50000 200 500000 10000 0.5 0.5 2 2 300 0 1000 0.01 0.006666666666666667 378
50000 200 500000 10000 0.5 0.5 2 2 300 0 1000 0.01 0.03 379
50000 200 500000 10000 0.5 0.5 2 2 300 0 1000 0.01 0.04 380
50000 200 500000 10000 0.5 0.5 1 10 300 0 1000 0.01 0 381
50000 200 500000 10000 0.5 0.5 1 10 300 0 1000 0.01 0.0033333333333333335 382
50000 200 500000 10000 0.5 0.5 1 10 300 0 1000 0.01 0.006666666666666667 383
50000 200 500000 10000 0.5 0.5 1 10 300 0 1000 0.01 0.03 384
50000 200 500000 10000 0.5 0.5 1 10 300 0 1000 0.01 0.04 385
50000 200 500000 10000 0.5 0.5 10 1 300 0 1000 0.01 0 386
50000 200 500000 10000 0.5 0.5 10 1 300 0 1000 0.01 0.0033333333333333335 387
50000 200 500000 10000 0.5 0.5 10 1 300 0 1000 0.01 0.006666666666666667 388
50000 200 500000 10000 0.5 0.5 10 1 300 0 1000 0.01 0.03 389
50000 200 500000 10000 0.5 0.5 10 1 300 0 1000 0.01 0.04 390
50000 200 500000 10000 0.5 0.5 12 6 300 0 1000 0.01 0 391
50000 200 500000 10000 0.5 0.5 12 6 300 0 1000 0.01 0.0033333333333333335 392
50000 200 500000 10000 0.5 0.5 12 6 300 0 1000 0.01 0.006666666666666667 393
50000 200 500000 10000 0.5 0.5 12 6 300 0 1000 0.01 0.03 394
50000 200 500000 10000 0.5 0.5 12 6 300 0 1000 0.01 0.04 395
50000 200 500000 10000 0.5 0.5 24 12 300 0 1000 0.01 0 396
50000 200 500000 10000 0.5 0.5 24 12 300 0 1000 0.01 0.0033333333333333335 397
50000 200 500000 10000 0.5 0.5 24 12 300 0 1000 0.01 0.006666666666666667 398
50000 200 500000 10000 0.5 0.5 24 12 300 0 1000 0.01 0.03 399
50000 200 500000 10000 0.5 0.5 24 12 300 0 1000 0.01 0.04 400
50000 200 500000 10000 0.5 0.5 50 25 300 0 1000 0.01 0 401
50000 200 500000 10000 0.5 0.5 50 25 300 0 1000 0.01 0.0033333333333333335 402
50000 200 500000 10000 0.5 0.5 50 25 300 0 1000 0.01 0.006666666666666667 403
50000 200 500000 10000 0.5 0.5 50 25 300 0 1000 0.01 0.03 404
50000 200 500000 10000 0.5 0.5 50 25 300 0 1000 0.01 0.04 405
50000 200 500000 100000 0.5 0.5 1 1 300 0 1000 0.01 0 406
50000 200 500000 100000 0.5 0.5 1 1 300 0 1000 0.01 0.0033333333333333335 407
50000 200 500000 100000 0.5 0.5 1 1 300 0 1000 0.01 0.006666666666666667 408
50000 200 500000 100000 0.5 0.5 1 1 300 0 1000 0.01 0.03 409
50000 200 500000 100000 0.5 0.5 1 1 300 0 1000 0.01 0.04 410
50000 200 500000 100000 0.5 0.5 1 2 300 0 1000 0.01 0 411
50000 200 500000 100000 0.5 0.5 1 2 300 0 1000 0.01 0.0033333333333333335 412
50000 200 500000 100000 0.5 0.5 1 2 300 0 1000 0.01 0.006666666666666667 413
50000 200 500000 100000 0.5 0.5 1 2 300 0 1000 0.01 0.03 414
50000 200 500000 100000 0.5 0.5 1 2 300 0 1000 0.01 0.04 415
50000 200 500000 100000 0.5 0.5 2 1 300 0 1000 0.01 0 416
50000 200 500000 100000 0.5 0.5 2 1 300 0 1000 0.01 0.0033333333333333335 417
50000 200 500000 100000 0.5 0.5 2 1 300 0 1000 0.01 0.006666666666666667 418
50000 200 500000 100000 0.5 0.5 2 1 300 0 1000 0.01 0.03 419
50000 200 500000 100000 0.5 0.5 2 1 300 0 1000 0.01 0.04 420
50000 200 500000 100000 0.5 0.5 2 2 300 0 1000 0.01 0 421
50000 200 500000 100000 0.5 0.5 2 2 300 0 1000 0.01 0.0033333333333333335 422
50000 200 500000 100000 0.5 0.5 2 2 300 0 1000 0.01 0.006666666666666667 423
50000 200 500000 100000 0.5 0.5 2 2 300 0 1000 0.01 0.03 424
50000 200 500000 100000 0.5 0.5 2 2 300 0 1000 0.01 0.04 425
50000 200 500000 100000 0.5 0.5 1 10 300 0 1000 0.01 0 426
50000 200 500000 100000 0.5 0.5 1 10 300 0 1000 0.01 0.0033333333333333335 427
50000 200 500000 100000 0.5 0.5 1 10 300 0 1000 0.01 0.006666666666666667 428
50000 200 500000 100000 0.5 0.5 1 10 300 0 1000 0.01 0.03 429
50000 200 500000 100000 0.5 0.5 1 10 300 0 1000 0.01 0.04 430
50000 200 500000 100000 0.5 0.5 10 1 300 0 1000 0.01 0 431
50000 200 500000 100000 0.5 0.5 10 1 300 0 1000 0.01 0.0033333333333333335 432
50000 200 500000 100000 0.5 0.5 10 1 300 0 1000 0.01 0.006666666666666667 433
50000 200 500000 100000 0.5 0.5 10 1 300 0 1000 0.01 0.03 434
50000 200 500000 100000 0.5 0.5 10 1 300 0 1000 0.01 0.04 435
50000 200 500000 100000 0.5 0.5 12 6 300 0 1000 0.01 0 436
50000 200 500000 100000 0.5 0.5 12 6 300 0 1000 0.01 0.0033333333333333335 437
50000 200 500000 100000 0.5 0.5 12 6 300 0 1000 0.01 0.006666666666666667 438
50000 200 500000 100000 0.5 0.5 12 6 300 0 1000 0.01 0.03 439
50000 200 500000 100000 0.5 0.5 12 6 300 0 1000 0.01 0.04 440
50000 200 500000 100000 0.5 0.5 24 12 300 0 1000 0.01 0 441
50000 200 500000 100000 0.5 0.5 24 12 300 0 1000 0.01 0.0033333333333333335 442
50000 200 500000 100000 0.5 0.5 24 12 300 0 1000 0.01 0.006666666666666667 443
50000 200 500000 100000 0.5 0.5 24 12 300 0 1000 0.01 0.03 444
50000 200 500000 100000 0.5 0.5 24 12 300 0 1000 0.01 0.04 445
50000 200 500000 100000 0.5 0.5 50 25 300 0 1000 0.01 0 446
50000 200 500000 100000 0.5 0.5 50 25 300 0 1000 0.01 0.0033333333333333335 447
50000 200 500000 100000 0.5 0.5 50 25 300 0 1000 0.01 0.006666666666666667 448
50000 200 500000 100000 0.5 0.5 50 25 300 0 1000 0.01 0.03 449
50000 200 500000 100000 0.5 0.5 50 25 300 0 1000 0.01 0.04 450
50000 200 500000 10000000 0.5 0.5 1 1 300 0 1000 0.01 0 451
50000 200 500000 10000000 0.5 0.5 1 1 300 0 1000 0.01 0.0033333333333333335 452
50000 200 500000 10000000 0.5 0.5 1 1 300 0 1000 0.01 0.006666666666666667 453
50000 200 500000 10000000 0.5 0.5 1 1 300 0 1000 0.01 0.03 454
50000 200 500000 10000000 0.5 0.5 1 1 300 0 1000 0.01 0.04 455
50000 200 500000 10000000 0.5 0.5 1 2 300 0 1000 0.01 0 456
50000 200 500000 10000000 0.5 0.5 1 2 300 0 1000 0.01 0.0033333333333333335 457
50000 200 500000 10000000 0.5 0.5 1 2 300 0 1000 0.01 0.006666666666666667 458
50000 200 500000 10000000 0.5 0.5 1 2 300 0 1000 0.01 0.03 459
50000 200 500000 10000000 0.5 0.5 1 2 300 0 1000 0.01 0.04 460
50000 200 500000 10000000 0.5 0.5 2 1 300 0 1000 0.01 0 461
50000 200 500000 10000000 0.5 0.5 2 1 300 0 1000 0.01 0.0033333333333333335 462
50000 200 500000 10000000 0.5 0.5 2 1 300 0 1000 0.01 0.006666666666666667 463
50000 200 500000 10000000 0.5 0.5 2 1 300 0 1000 0.01 0.03 464
50000 200 500000 10000000 0.5 0.5 2 1 300 0 1000 0.01 0.04 465
50000 200 500000 10000000 0.5 0.5 2 2 300 0 1000 0.01 0 466
50000 200 500000 10000000 0.5 0.5 2 2 300 0 1000 0.01 0.0033333333333333335 467
50000 200 500000 10000000 0.5 0.5 2 2 300 0 1000 0.01 0.006666666666666667 468
50000 200 500000 10000000 0.5 0.5 2 2 300 0 1000 0.01 0.03 469
50000 200 500000 10000000 0.5 0.5 2 2 300 0 1000 0.01 0.04 470
50000 200 500000 10000000 0.5 0.5 1 10 300 0 1000 0.01 0 471
50000 200 500000 10000000 0.5 0.5 1 10 300 0 1000 0.01 0.0033333333333333335 472
50000 200 500000 10000000 0.5 0.5 1 10 300 0 1000 0.01 0.006666666666666667 473
50000 200 500000 10000000 0.5 0.5 1 10 300 0 1000 0.01 0.03 474
50000 200 500000 10000000 0.5 0.5 1 10 300 0 1000 0.01 0.04 475
50000 200 500000 10000000 0.5 0.5 10 1 300 0 1000 0.01 0 476
50000 200 500000 10000000 0.5 0.5 10 1 300 0 1000 0.01 0.0033333333333333335 477
50000 200 500000 10000000 0.5 0.5 10 1 300 0 1000 0.01 0.006666666666666667 478
50000 200 500000 10000000 0.5 0.5 10 1 300 0 1000 0.01 0.03 479
50000 200 500000 10000000 0.5 0.5 10 1 300 0 1000 0.01 0.04 480
50000 200 500000 10000000 0.5 0.5 12 6 300 0 1000 0.01 0 481
50000 200 500000 10000000 0.5 0.5 12 6 300 0 1000 0.01 0.0033333333333333335 482
50000 200 500000 10000000 0.5 0.5 12 6 300 0 1000 0.01 0.006666666666666667 483
50000 200 500000 10000000 0.5 0.5 12 6 300 0 1000 0.01 0.03 484
50000 200 500000 10000000 0.5 0.5 12 6 300 0 1000 0.01 0.04 485
50000 200 500000 10000000 0.5 0.5 24 12 300 0 1000 0.01 0 486
50000 200 500000 10000000 0.5 0.5 24 12 300 0 1000 0.01 0.0033333333333333335 487
50000 200 500000 10000000 0.5 0.5 24 12 300 0 1000 0.01 0.006666666666666667 488
50000 200 500000 10000000 0.5 0.5 24 12 300 0 1000 0.01 0.03 489
50000 200 500000 10000000 0.5 0.5 24 12 300 0 1000 0.01 0.04 490
50000 200 500000 10000000 0.5 0.5 50 25 300 0 1000 0.01 0 491
50000 200 500000 10000000 0.5 0.5 50 25 300 0 1000 0.01 0.0033333333333333335 492
50000 200 500000 10000000 0.5 0.5 50 25 300 0 1000 0.01 0.006666666666666667 493
50000 200 500000 10000000 0.5 0.5 50 25 300 0 1000 0.01 0.03 494
50000 200 500000 10000000 0.5 0.5 50 25 300 0 1000 0.01 0.04 495
50000 200 500000 100000000 0.5 0.5 1 1 300 0 1000 0.01 0 496
50000 200 500000 100000000 0.5 0.5 1 1 300 0 1000 0.01 0.0033333333333333335 497
50000 200 500000 100000000 0.5 0.5 1 1 300 0 1000 0.01 0.006666666666666667 498
50000 200 500000 100000000 0.5 0.5 1 1 300 0 1000 0.01 0.03 499
50000 200 500000 100000000 0.5 0.5 1 1 300 0 1000 0.01 0.04 500
50000 200 500000 100000000 0.5 0.5 1 2 300 0 1000 0.01 0 501
50000 200 500000 100000000 0.5 0.5 1 2 300 0 1000 0.01 0.0033333333333333335 502
50000 200 500000 100000000 0.5 0.5 1 2 300 0 1000 0.01 0.006666666666666667 503
50000 200 500000 100000000 0.5 0.5 1 2 300 0 1000 0.01 0.03 504
50000 200 500000 100000000 0.5 0.5 1 2 300 0 1000 0.01 0.04 505
50000 200 500000 100000000 0.5 0.5 2 1 300 0 1000 0.01 0 506
50000 200 500000 100000000 0.5 0.5 2 1 300 0 1000 0.01 0.0033333333333333335 507
50000 200 500000 100000000 0.5 0.5 2 1 300 0 1000 0.01 0.006666666666666667 508
50000 200 500000 100000000 0.5 0.5 2 1 300 0 1000 0.01 0.03 509
50000 200 500000 100000000 0.5 0.5 2 1 300 0 1000 0.01 0.04 510
50000 200 500000 100000000 0.5 0.5 2 2 300 0 1000 0.01 0 511
50000 200 500000 100000000 0.5 0.5 2 2 300 0 1000 0.01 0.0033333333333333335 512
50000 200 500000 100000000 0.5 0.5 2 2 300 0 1000 0.01 0.006666666666666667 513
50000 200 500000 100000000 0.5 0.5 2 2 300 0 1000 0.01 0.03 514
50000 200 500000 100000000 0.5 0.5 2 2 300 0 1000 0.01 0.04 515
50000 200 500000 100000000 0.5 0.5 1 10 300 0 1000 0.01 0 516
50000 200 500000 100000000 0.5 0.5 1 10 300 0 1000 0.01 0.0033333333333333335 517
50000 200 500000 100000000 0.5 0.5 1 10 300 0 1000 0.01 0.006666666666666667 518
50000 200 500000 100000000 0.5 0.5 1 10 300 0 1000 0.01 0.03 519
50000 200 500000 100000000 0.5 0.5 1 10 300 0 1000 0.01 0.04 520
50000 200 500000 100000000 0.5 0.5 10 1 300 0 1000 0.01 0 521
50000 200 500000 100000000 0.5 0.5 10 1 300 0 1000 0.01 0.0033333333333333335 522
50000 200 500000 100000000 0.5 0.5 10 1 300 0 1000 0.01 0.006666666666666667 523
50000 200 500000 100000000 0.5 0.5 10 1 300 0 1000 0.01 0.03 524
50000 200 500000 100000000 0.5 0.5 10 1 300 0 1000 0.01 0.04 525
50000 200 500000 100000000 0.5 0.5 12 6 300 0 1000 0.01 0 526
50000 200 500000 100000000 0.5 0.5 12 6 300 0 1000 0.01 0.0033333333333333335 527
50000 200 500000 100000000 0.5 0.5 12 6 300 0 1000 0.01 0.006666666666666667 528
50000 200 500000 100000000 0.5 0.5 12 6 300 0 1000 0.01 0.03 529
50000 200 500000 100000000 0.5 0.5 12 6 300 0 1000 0.01 0.04 530
50000 200 500000 100000000 0.5 0.5 24 12 300 0 1000 0.01 0 531
50000 200 500000 100000000 0.5 0.5 24 12 300 0 1000 0.01 0.0033333333333333335 532
50000 200 500000 100000000 0.5 0.5 24 12 300 0 1000 0.01 0.006666666666666667 533
50000 200 500000 100000000 0.5 0.5 24 12 300 0 1000 0.01 0.03 534
50000 200 500000 100000000 0.5 0.5 24 12 300 0 1000 0.01 0.04 535
50000 200 500000 100000000 0.5 0.5 50 25 300 0 1000 0.01 0 536
50000 200 500000 100000000 0.5 0.5 50 25 300 0 1000 0.01 0.0033333333333333335 537
50000 200 500000 100000000 0.5 0.5 50 25 300 0 1000 0.01 0.006666666666666667 538
50000 200 500000 100000000 0.5 0.5 50 25 300 0 1000 0.01 0.03 539
50000 200 500000 100000000 0.5 0.5 50 25 300 0 1000 0.01 0.04 540
50000 25 500000 10000 0.5 0.5 1 1 300 0 1000 0.01 0 541
50000 25 500000 10000 0.5 0.5 1 1 300 0 1000 0.01 0.0033333333333333335 542
50000 25 500000 10000 0.5 0.5 1 1 300 0 1000 0.01 0.006666666666666667 543
50000 25 500000 10000 0.5 0.5 1 1 300 0 1000 0.01 0.03 544
50000 25 500000 10000 0.5 0.5 1 1 300 0 1000 0.01 0.04 545
50000 25 500000 10000 0.5 0.5 1 2 300 0 1000 0.01 0 546
50000 25 500000 10000 0.5 0.5 1 2 300 0 1000 0.01 0.0033333333333333335 547
50000 25 500000 10000 0.5 0.5 1 2 300 0 1000 0.01 0.006666666666666667 548
50000 25 500000 10000 0.5 0.5 1 2 300 0 1000 0.01 0.03 549
50000 25 500000 10000 0.5 0.5 1 2 300 0 1000 0.01 0.04 550
50000 25 500000 10000 0.5 0.5 2 1 300 0 1000 0.01 0 551
50000 25 500000 10000 0.5 0.5 2 1 300 0 1000 0.01 0.0033333333333333335 552
50000 25 500000 10000 0.5 0.5 2 1 300 0 1000 0.01 0.006666666666666667 553
50000 25 500000 10000 0.5 0.5 2 1 300 0 1000 0.01 0.03 554
50000 25 500000 10000 0.5 0.5 2 1 300 0 1000 0.01 0.04 555
50000 25 500000 10000 0.5 0.5 2 2 300 0 1000 0.01 0 556
50000 25 500000 10000 0.5 0.5 2 2 300 0 1000 0.01 0.0033333333333333335 557
50000 25 500000 10000 0.5 0.5 2 2 300 0 1000 0.01 0.006666666666666667 558
50000 25 500000 10000 0.5 0.5 2 2 300 0 1000 0.01 0.03 559
50000 25 500000 10000 0.5 0.5 2 2 300 0 1000 0.01 0.04 560
50000 25 500000 10000 0.5 0.5 1 10 300 0 1000 0.01 0 561
50000 25 500000 10000 0.5 0.5 1 10 300 0 1000 0.01 0.0033333333333333335 562
50000 25 500000 10000 0.5 0.5 1 10 300 0 1000 0.01 0.006666666666666667 563
50000 25 500000 10000 0.5 0.5 1 10 300 0 1000 0.01 0.03 564
50000 25 500000 10000 0.5 0.5 1 10 300 0 1000 0.01 0.04 565
50000 25 500000 10000 0.5 0.5 10 1 300 0 1000 0.01 0 566
50000 25 500000 10000 0.5 0.5 10 1 300 0 1000 0.01 0.0033333333333333335 567
50000 25 500000 10000 0.5 0.5 10 1 300 0 1000 0.01 0.006666666666666667 568
50000 25 500000 10000 0.5 0.5 10 1 300 0 1000 0.01 0.03 569
50000 25 500000 10000 0.5 0.5 10 1 300 0 1000 0.01 0.04 570
50000 25 500000 10000 0.5 0.5 12 6 300 0 1000 0.01 0 571
50000 25 500000 10000 0.5 0.5 12 6 300 0 1000 0.01 0.0033333333333333335 572
50000 25 500000 10000 0.5 0.5 12 6 300 0 1000 0.01 0.006666666666666667 573
50000 25 500000 10000 0.5 0.5 12 6 300 0 1000 0.01 0.03 574
50000 25 500000 10000 0.5 0.5 12 6 300 0 1000 0.01 0.04 575
50000 25 500000 10000 0.5 0.5 24 12 300 0 1000 0.01 0 576
50000 25 500000 10000 0.5 0.5 24 12 300 0 1000 0.01 0.0033333333333333335 577
50000 25 500000 10000 0.5 0.5 24 12 300 0 1000 0.01 0.006666666666666667 578
50000 25 500000 10000 0.5 0.5 24 12 300 0 1000 0.01 0.03 579
50000 25 500000 10000 0.5 0.5 24 12 300 0 1000 0.01 0.04 580
50000 25 500000 10000 0.5 0.5 50 25 300 0 1000 0.01 0 581
50000 25 500000 10000 0.5 0.5 50 25 300 0 1000 0.01 0.0033333333333333335 582
50000 25 500000 10000 0.5 0.5 50 25 300 0 1000 0.01 0.006666666666666667 583
50000 25 500000 10000 0.5 0.5 50 25 300 0 1000 0.01 0.03 584
50000 25 500000 10000 0.5 0.5 50 25 300 0 1000 0.01 0.04 585
50000 25 500000 100000 0.5 0.5 1 1 300 0 1000 0.01 0 586
50000 25 500000 100000 0.5 0.5 1 1 300 0 1000 0.01 0.0033333333333333335 587
50000 25 500000 100000 0.5 0.5 1 1 300 0 1000 0.01 0.006666666666666667 588
50000 25 500000 100000 0.5 0.5 1 1 300 0 1000 0.01 0.03 589
50000 25 500000 100000 0.5 0.5 1 1 300 0 1000 0.01 0.04 590
50000 25 500000 100000 0.5 0.5 1 2 300 0 1000 0.01 0 591
50000 25 500000 100000 0.5 0.5 1 2 300 0 1000 0.01 0.0033333333333333335 592
50000 25 500000 100000 0.5 0.5 1 2 300 0 1000 0.01 0.006666666666666667 593
50000 25 500000 100000 0.5 0.5 1 2 300 0 1000 0.01 0.03 594
50000 25 500000 100000 0.5 0.5 1 2 300 0 1000 0.01 0.04 595
50000 25 500000 100000 0.5 0.5 2 1 300 0 1000 0.01 0 596
50000 25 500000 100000 0.5 0.5 2 1 300 0 1000 0.01 0.0033333333333333335 597
50000 25 500000 100000 0.5 0.5 2 1 300 0 1000 0.01 0.006666666666666667 598
50000 25 500000 100000 0.5 0.5 2 1 300 0 1000 0.01 0.03 599
50000 25 500000 100000 0.5 0.5 2 1 300 0 1000 0.01 0.04 600
50000 25 500000 100000 0.5 0.5 2 2 300 0 1000 0.01 0 601
50000 25 500000 100000 0.5 0.5 2 2 300 0 1000 0.01 0.0033333333333333335 602
50000 25 500000 100000 0.5 0.5 2 2 300 0 1000 0.01 0.006666666666666667 603
50000 25 500000 100000 0.5 0.5 2 2 300 0 1000 0.01 0.03 604
50000 25 500000 100000 0.5 0.5 2 2 300 0 1000 0.01 0.04 605
50000 25 500000 100000 0.5 0.5 1 10 300 0 1000 0.01 0 606
50000 25 500000 100000 0.5 0.5 1 10 300 0 1000 0.01 0.0033333333333333335 607
50000 25 500000 100000 0.5 0.5 1 10 300 0 1000 0.01 0.006666666666666667 608
50000 25 500000 100000 0.5 0.5 1 10 300 0 1000 0.01 0.03 609
50000 25 500000 100000 0.5 0.5 1 10 300 0 1000 0.01 0.04 610
50000 25 500000 100000 0.5 0.5 10 1 300 0 1000 0.01 0 611
50000 25 500000 100000 0.5 0.5 10 1 300 0 1000 0.01 0.0033333333333333335 612
50000 25 500000 100000 0.5 0.5 10 1 300 0 1000 0.01 0.006666666666666667 613
50000 25 500000 100000 0.5 0.5 10 1 300 0 1000 0.01 0.03 614
50000 25 500000 100000 0.5 0.5 10 1 300 0 1000 0.01 0.04 615
50000 25 500000 100000 0.5 0.5 12 6 300 0 1000 0.01 0 616
50000 25 500000 100000 0.5 0.5 12 6 300 0 1000 0.01 0.0033333333333333335 617
50000 25 500000 100000 0.5 0.5 12 6 300 0 1000 0.01 0.006666666666666667 618
50000 25 500000 100000 0.5 0.5 12 6 300 0 1000 0.01 0.03 619
50000 25 500000 100000 0.5 0.5 12 6 300 0 1000 0.01 0.04 620
50000 25 500000 100000 0.5 0.5 24 12 300 0 1000 0.01 0 621
50000 25 500000 100000 0.5 0.5 24 12 300 0 1000 0.01 0.0033333333333333335 622
50000 25 500000 100000 0.5 0.5 24 12 300 0 1000 0.01 0.006666666666666667 623
50000 25 500000 100000 0.5 0.5 24 12 300 0 1000 0.01 0.03 624
50000 25 500000 100000 0.5 0.5 24 12 300 0 1000 0.01 0.04 625
50000 25 500000 100000 0.5 0.5 50 25 300 0 1000 0.01 0 626
50000 25 500000 100000 0.5 0.5 50 25 300 0 1000 0.01 0.0033333333333333335 627
50000 25 500000 100000 0.5 0.5 50 25 300 0 1000 0.01 0.006666666666666667 628
50000 25 500000 100000 0.5 0.5 50 25 300 0 1000 0.01 0.03 629
50000 25 500000 100000 0.5 0.5 50 25 300 0 1000 0.01 0.04 630
50000 25 500000 10000000 0.5 0.5 1 1 300 0 1000 0.01 0 631
50000 25 500000 10000000 0.5 0.5 1 1 300 0 1000 0.01 0.0033333333333333335 632
50000 25 500000 10000000 0.5 0.5 1 1 300 0 1000 0.01 0.006666666666666667 633
50000 25 500000 10000000 0.5 0.5 1 1 300 0 1000 0.01 0.03 634
50000 25 500000 10000000 0.5 0.5 1 1 300 0 1000 0.01 0.04 635
50000 25 500000 10000000 0.5 0.5 1 2 300 0 1000 0.01 0 636
50000 25 500000 10000000 0.5 0.5 1 2 300 0 1000 0.01 0.0033333333333333335 637
50000 25 500000 10000000 0.5 0.5 1 2 300 0 1000 0.01 0.006666666666666667 638
50000 25 500000 10000000 0.5 0.5 1 2 300 0 1000 0.01 0.03 639
50000 25 500000 10000000 0.5 0.5 1 2 300 0 1000 0.01 0.04 640
50000 25 500000 10000000 0.5 0.5 2 1 300 0 1000 0.01 0 641
50000 25 500000 10000000 0.5 0.5 2 1 300 0 1000 0.01 0.0033333333333333335 642
50000 25 500000 10000000 0.5 0.5 2 1 300 0 1000 0.01 0.006666666666666667 643
50000 25 500000 10000000 0.5 0.5 2 1 300 0 1000 0.01 0.03 644
50000 25 500000 10000000 0.5 0.5 2 1 300 0 1000 0.01 0.04 645
50000 25 500000 10000000 0.5 0.5 2 2 300 0 1000 0.01 0 646
50000 25 500000 10000000 0.5 0.5 2 2 300 0 1000 0.01 0.0033333333333333335 647
50000 25 500000 10000000 0.5 0.5 2 2 300 0 1000 0.01 0.006666666666666667 648
50000 25 500000 10000000 0.5 0.5 2 2 300 0 1000 0.01 0.03 649
50000 25 500000 10000000 0.5 0.5 2 2 300 0 1000 0.01 0.04 650
50000 25 500000 10000000 0.5 0.5 1 10 300 0 1000 0.01 0 651
50000 25 500000 10000000 0.5 0.5 1 10 300 0 1000 0.01 0.0033333333333333335 652
50000 25 500000 10000000 0.5 0.5 1 10 300 0 1000 0.01 0.006666666666666667 653
50000 25 500000 10000000 0.5 0.5 1 10 300 0 1000 0.01 0.03 654
50000 25 500000 10000000 0.5 0.5 1 10 300 0 1000 0.01 0.04 655
50000 25 500000 10000000 0.5 0.5 10 1 300 0 1000 0.01 0 656
50000 25 500000 10000000 0.5 0.5 10 1 300 0 1000 0.01 0.0033333333333333335 657
50000 25 500000 10000000 0.5 0.5 10 1 300 0 1000 0.01 0.006666666666666667 658
50000 25 500000 10000000 0.5 0.5 10 1 300 0 1000 0.01 0.03 659
50000 25 500000 10000000 0.5 0.5 10 1 300 0 1000 0.01 0.04 660
50000 25 500000 10000000 0.5 0.5 12 6 300 0 1000 0.01 0 661
50000 25 500000 10000000 0.5 0.5 12 6 300 0 1000 0.01 0.0033333333333333335 662
50000 25 500000 10000000 0.5 0.5 12 6 300 0 1000 0.01 0.006666666666666667 663
50000 25 500000 10000000 0.5 0.5 12 6 300 0 1000 0.01 0.03 664
50000 25 500000 10000000 0.5 0.5 12 6 300 0 1000 0.01 0.04 665
50000 25 500000 10000000 0.5 0.5 24 12 300 0 1000 0.01 0 666
50000 25 500000 10000000 0.5 0.5 24 12 300 0 1000 0.01 0.0033333333333333335 667
50000 25 500000 10000000 0.5 0.5 24 12 300 0 1000 0.01 0.006666666666666667 668
50000 25 500000 10000000 0.5 0.5 24 12 300 0 1000 0.01 0.03 669
50000 25 500000 10000000 0.5 0.5 24 12 300 0 1000 0.01 0.04 670
50000 25 500000 10000000 0.5 0.5 50 25 300 0 1000 0.01 0 671
50000 25 500000 10000000 0.5 0.5 50 25 300 0 1000 0.01 0.0033333333333333335 672
50000 25 500000 10000000 0.5 0.5 50 25 300 0 1000 0.01 0.006666666666666667 673
50000 25 500000 10000000 0.5 0.5 50 25 300 0 1000 0.01 0.03 674
50000 25 500000 10000000 0.5 0.5 50 25 300 0 1000 0.01 0.04 675
50000 25 500000 100000000 0.5 0.5 1 1 300 0 1000 0.01 0 676
50000 25 500000 100000000 0.5 0.5 1 1 300 0 1000 0.01 0.0033333333333333335 677
50000 25 500000 100000000 0.5 0.5 1 1 300 0 1000 0.01 0.006666666666666667 678
50000 25 500000 100000000 0.5 0.5 1 1 300 0 1000 0.01 0.03 679
50000 25 500000 100000000 0.5 0.5 1 1 300 0 1000 0.01 0.04 680
50000 25 500000 100000000 0.5 0.5 1 2 300 0 1000 0.01 0 681
50000 25 500000 100000000 0.5 0.5 1 2 300 0 1000 0.01 0.0033333333333333335 682
50000 25 500000 100000000 0.5 0.5 1 2 300 0 1000 0.01 0.006666666666666667 683
50000 25 500000 100000000 0.5 0.5 1 2 300 0 1000 0.01 0.03 684
50000 25 500000 100000000 0.5 0.5 1 2 300 0 1000 0.01 0.04 685
50000 25 500000 100000000 0.5 0.5 2 1 300 0 1000 0.01 0 686
50000 25 500000 100000000 0.5 0.5 2 1 300 0 1000 0.01 0.0033333333333333335 687
50000 25 500000 100000000 0.5 0.5 2 1 300 0 1000 0.01 0.006666666666666667 688
50000 25 500000 100000000 0.5 0.5 2 1 300 0 1000 0.01 0.03 689
50000 25 500000 100000000 0.5 0.5 2 1 300 0 1000 0.01 0.04 690
50000 25 500000 100000000 0.5 0.5 2 2 300 0 1000 0.01 0 691
50000 25 500000 100000000 0.5 0.5 2 2 300 0 1000 0.01 0.0033333333333333335 692
50000 25 500000 100000000 0.5 0.5 2 2 300 0 1000 0.01 0.006666666666666667 693
50000 25 500000 100000000 0.5 0.5 2 2 300 0 1000 0.01 0.03 694
50000 25 500000 100000000 0.5 0.5 2 2 300 0 1000 0.01 0.04 695
50000 25 500000 100000000 0.5 0.5 1 10 300 0 1000 0.01 0 696
50000 25 500000 100000000 0.5 0.5 1 10 300 0 1000 0.01 0.0033333333333333335 697
50000 25 500000 100000000 0.5 0.5 1 10 300 0 1000 0.01 0.006666666666666667 698
50000 25 500000 100000000 0.5 0.5 1 10 300 0 1000 0.01 0.03 699
50000 25 500000 100000000 0.5 0.5 1 10 300 0 1000 0.01 0.04 700
50000 25 500000 100000000 0.5 0.5 10 1 300 0 1000 0.01 0 701
50000 25 500000 100000000 0.5 0.5 10 1 300 0 1000 0.01 0.0033333333333333335 702
50000 25 500000 100000000 0.5 0.5 10 1 300 0 1000 0.01 0.006666666666666667 703
50000 25 500000 100000000 0.5 0.5 10 1 300 0 1000 0.01 0.03 704
50000 25 500000 100000000 0.5 0.5 10 1 300 0 1000 0.01 0.04 705
50000 25 500000 100000000 0.5 0.5 12 6 300 0 1000 0.01 0 706
50000 25 500000 100000000 0.5 0.5 12 6 300 0 1000 0.01 0.0033333333333333335 707
50000 25 500000 100000000 0.5 0.5 12 6 300 0 1000 0.01 0.006666666666666667 708
50000 25 500000 100000000 0.5 0.5 12 6 300 0 1000 0.01 0.03 709
50000 25 500000 100000000 0.5 0.5 12 6 300 0 1000 0.01 0.04 710
50000 25 500000 100000000 0.5 0.5 24 12 300 0 1000 0.01 0 711
50000 25 500000 100000000 0.5 0.5 24 12 300 0 1000 0.01 0.0033333333333333335 712
50000 25 500000 100000000 0.5 0.5 24 12 300 0 1000 0.01 0.006666666666666667 713
50000 25 500000 100000000 0.5 0.5 24 12 300 0 1000 0.01 0.03 714
50000 25 500000 100000000 0.5 0.5 24 12 300 0 1000 0.01 0.04 715
50000 25 500000 100000000 0.5 0.5 50 25 300 0 1000 0.01 0 716
50000 25 500000 100000000 0.5 0.5 50 25 300 0 1000 0.01 0.0033333333333333335 717
50000 25 500000 100000000 0.5 0.5 50 25 300 0 1000 0.01 0.006666666666666667 718
50000 25 500000 100000000 0.5 0.5 50 25 300 0 1000 0.01 0.03 719
50000 25 500000 100000000 0.5 0.5 50 25 300 0 1000 0.01 0.04 720