popsize, maxsubsize, migration, mutation, rec1, rec2, numinds, numindssub, maxrepro, overdom, numgens, parthreduction, parthpenalty, boo

5000 500 50000 10000 0.5 0.5 1 1 300 0 1000 0.01 0 001
5000 500 50000 10000 0.5 0.5 1 1 300 0 1000 0.01 0.0033333333333333335 002
5000 500 50000 10000 0.5 0.5 1 1 300 0 1000 0.01 0.006666666666666667 003
5000 500 50000 10000 0.5 0.5 1 1 300 0 1000 0.01 0.03 004
5000 500 50000 10000 0.5 0.5 1 1 300 0 1000 0.01 0.04 005
5000 500 50000 10000 0.5 0.5 1 2 300 0 1000 0.01 0 006
5000 500 50000 10000 0.5 0.5 1 2 300 0 1000 0.01 0.0033333333333333335 007
5000 500 50000 10000 0.5 0.5 1 2 300 0 1000 0.01 0.006666666666666667 008
5000 500 50000 10000 0.5 0.5 1 2 300 0 1000 0.01 0.03 009
5000 500 50000 10000 0.5 0.5 1 2 300 0 1000 0.01 0.04 010
5000 500 50000 10000 0.5 0.5 2 1 300 0 1000 0.01 0 011
5000 500 50000 10000 0.5 0.5 2 1 300 0 1000 0.01 0.0033333333333333335 012
5000 500 50000 10000 0.5 0.5 2 1 300 0 1000 0.01 0.006666666666666667 013
5000 500 50000 10000 0.5 0.5 2 1 300 0 1000 0.01 0.03 014
5000 500 50000 10000 0.5 0.5 2 1 300 0 1000 0.01 0.04 015
5000 500 50000 10000 0.5 0.5 2 2 300 0 1000 0.01 0 016
5000 500 50000 10000 0.5 0.5 2 2 300 0 1000 0.01 0.0033333333333333335 017
5000 500 50000 10000 0.5 0.5 2 2 300 0 1000 0.01 0.006666666666666667 018
5000 500 50000 10000 0.5 0.5 2 2 300 0 1000 0.01 0.03 019
5000 500 50000 10000 0.5 0.5 2 2 300 0 1000 0.01 0.04 020
5000 500 50000 10000 0.5 0.5 1 10 300 0 1000 0.01 0 021
5000 500 50000 10000 0.5 0.5 1 10 300 0 1000 0.01 0.0033333333333333335 022
5000 500 50000 10000 0.5 0.5 1 10 300 0 1000 0.01 0.006666666666666667 023
5000 500 50000 10000 0.5 0.5 1 10 300 0 1000 0.01 0.03 024
5000 500 50000 10000 0.5 0.5 1 10 300 0 1000 0.01 0.04 025
5000 500 50000 10000 0.5 0.5 10 1 300 0 1000 0.01 0 026
5000 500 50000 10000 0.5 0.5 10 1 300 0 1000 0.01 0.0033333333333333335 027
5000 500 50000 10000 0.5 0.5 10 1 300 0 1000 0.01 0.006666666666666667 028
5000 500 50000 10000 0.5 0.5 10 1 300 0 1000 0.01 0.03 029
5000 500 50000 10000 0.5 0.5 10 1 300 0 1000 0.01 0.04 030
5000 500 50000 10000 0.5 0.5 12 6 300 0 1000 0.01 0 031
5000 500 50000 10000 0.5 0.5 12 6 300 0 1000 0.01 0.0033333333333333335 032
5000 500 50000 10000 0.5 0.5 12 6 300 0 1000 0.01 0.006666666666666667 033
5000 500 50000 10000 0.5 0.5 12 6 300 0 1000 0.01 0.03 034
5000 500 50000 10000 0.5 0.5 12 6 300 0 1000 0.01 0.04 035
5000 500 50000 10000 0.5 0.5 24 12 300 0 1000 0.01 0 036
5000 500 50000 10000 0.5 0.5 24 12 300 0 1000 0.01 0.0033333333333333335 037
5000 500 50000 10000 0.5 0.5 24 12 300 0 1000 0.01 0.006666666666666667 038
5000 500 50000 10000 0.5 0.5 24 12 300 0 1000 0.01 0.03 039
5000 500 50000 10000 0.5 0.5 24 12 300 0 1000 0.01 0.04 040
5000 500 50000 10000 0.5 0.5 50 25 300 0 1000 0.01 0 041
5000 500 50000 10000 0.5 0.5 50 25 300 0 1000 0.01 0.0033333333333333335 042
5000 500 50000 10000 0.5 0.5 50 25 300 0 1000 0.01 0.006666666666666667 043
5000 500 50000 10000 0.5 0.5 50 25 300 0 1000 0.01 0.03 044
5000 500 50000 10000 0.5 0.5 50 25 300 0 1000 0.01 0.04 045
5000 500 50000 100000 0.5 0.5 1 1 300 0 1000 0.01 0 046
5000 500 50000 100000 0.5 0.5 1 1 300 0 1000 0.01 0.0033333333333333335 047
5000 500 50000 100000 0.5 0.5 1 1 300 0 1000 0.01 0.006666666666666667 048
5000 500 50000 100000 0.5 0.5 1 1 300 0 1000 0.01 0.03 049
5000 500 50000 100000 0.5 0.5 1 1 300 0 1000 0.01 0.04 050
5000 500 50000 100000 0.5 0.5 1 2 300 0 1000 0.01 0 051
5000 500 50000 100000 0.5 0.5 1 2 300 0 1000 0.01 0.0033333333333333335 052
5000 500 50000 100000 0.5 0.5 1 2 300 0 1000 0.01 0.006666666666666667 053
5000 500 50000 100000 0.5 0.5 1 2 300 0 1000 0.01 0.03 054
5000 500 50000 100000 0.5 0.5 1 2 300 0 1000 0.01 0.04 055
5000 500 50000 100000 0.5 0.5 2 1 300 0 1000 0.01 0 056
5000 500 50000 100000 0.5 0.5 2 1 300 0 1000 0.01 0.0033333333333333335 057
5000 500 50000 100000 0.5 0.5 2 1 300 0 1000 0.01 0.006666666666666667 058
5000 500 50000 100000 0.5 0.5 2 1 300 0 1000 0.01 0.03 059
5000 500 50000 100000 0.5 0.5 2 1 300 0 1000 0.01 0.04 060
5000 500 50000 100000 0.5 0.5 2 2 300 0 1000 0.01 0 061
5000 500 50000 100000 0.5 0.5 2 2 300 0 1000 0.01 0.0033333333333333335 062
5000 500 50000 100000 0.5 0.5 2 2 300 0 1000 0.01 0.006666666666666667 063
5000 500 50000 100000 0.5 0.5 2 2 300 0 1000 0.01 0.03 064
5000 500 50000 100000 0.5 0.5 2 2 300 0 1000 0.01 0.04 065
5000 500 50000 100000 0.5 0.5 1 10 300 0 1000 0.01 0 066
5000 500 50000 100000 0.5 0.5 1 10 300 0 1000 0.01 0.0033333333333333335 067
5000 500 50000 100000 0.5 0.5 1 10 300 0 1000 0.01 0.006666666666666667 068
5000 500 50000 100000 0.5 0.5 1 10 300 0 1000 0.01 0.03 069
5000 500 50000 100000 0.5 0.5 1 10 300 0 1000 0.01 0.04 070
5000 500 50000 100000 0.5 0.5 10 1 300 0 1000 0.01 0 071
5000 500 50000 100000 0.5 0.5 10 1 300 0 1000 0.01 0.0033333333333333335 072
5000 500 50000 100000 0.5 0.5 10 1 300 0 1000 0.01 0.006666666666666667 073
5000 500 50000 100000 0.5 0.5 10 1 300 0 1000 0.01 0.03 074
5000 500 50000 100000 0.5 0.5 10 1 300 0 1000 0.01 0.04 075
5000 500 50000 100000 0.5 0.5 12 6 300 0 1000 0.01 0 076
5000 500 50000 100000 0.5 0.5 12 6 300 0 1000 0.01 0.0033333333333333335 077
5000 500 50000 100000 0.5 0.5 12 6 300 0 1000 0.01 0.006666666666666667 078
5000 500 50000 100000 0.5 0.5 12 6 300 0 1000 0.01 0.03 079
5000 500 50000 100000 0.5 0.5 12 6 300 0 1000 0.01 0.04 080
5000 500 50000 100000 0.5 0.5 24 12 300 0 1000 0.01 0 081
5000 500 50000 100000 0.5 0.5 24 12 300 0 1000 0.01 0.0033333333333333335 082
5000 500 50000 100000 0.5 0.5 24 12 300 0 1000 0.01 0.006666666666666667 083
5000 500 50000 100000 0.5 0.5 24 12 300 0 1000 0.01 0.03 084
5000 500 50000 100000 0.5 0.5 24 12 300 0 1000 0.01 0.04 085
5000 500 50000 100000 0.5 0.5 50 25 300 0 1000 0.01 0 086
5000 500 50000 100000 0.5 0.5 50 25 300 0 1000 0.01 0.0033333333333333335 087
5000 500 50000 100000 0.5 0.5 50 25 300 0 1000 0.01 0.006666666666666667 088
5000 500 50000 100000 0.5 0.5 50 25 300 0 1000 0.01 0.03 089
5000 500 50000 100000 0.5 0.5 50 25 300 0 1000 0.01 0.04 090
5000 500 50000 10000000 0.5 0.5 1 1 300 0 1000 0.01 0 091
5000 500 50000 10000000 0.5 0.5 1 1 300 0 1000 0.01 0.0033333333333333335 092
5000 500 50000 10000000 0.5 0.5 1 1 300 0 1000 0.01 0.006666666666666667 093
5000 500 50000 10000000 0.5 0.5 1 1 300 0 1000 0.01 0.03 094
5000 500 50000 10000000 0.5 0.5 1 1 300 0 1000 0.01 0.04 095
5000 500 50000 10000000 0.5 0.5 1 2 300 0 1000 0.01 0 096
5000 500 50000 10000000 0.5 0.5 1 2 300 0 1000 0.01 0.0033333333333333335 097
5000 500 50000 10000000 0.5 0.5 1 2 300 0 1000 0.01 0.006666666666666667 098
5000 500 50000 10000000 0.5 0.5 1 2 300 0 1000 0.01 0.03 099
5000 500 50000 10000000 0.5 0.5 1 2 300 0 1000 0.01 0.04 100
5000 500 50000 10000000 0.5 0.5 2 1 300 0 1000 0.01 0 101
5000 500 50000 10000000 0.5 0.5 2 1 300 0 1000 0.01 0.0033333333333333335 102
5000 500 50000 10000000 0.5 0.5 2 1 300 0 1000 0.01 0.006666666666666667 103
5000 500 50000 10000000 0.5 0.5 2 1 300 0 1000 0.01 0.03 104
5000 500 50000 10000000 0.5 0.5 2 1 300 0 1000 0.01 0.04 105
5000 500 50000 10000000 0.5 0.5 2 2 300 0 1000 0.01 0 106
5000 500 50000 10000000 0.5 0.5 2 2 300 0 1000 0.01 0.0033333333333333335 107
5000 500 50000 10000000 0.5 0.5 2 2 300 0 1000 0.01 0.006666666666666667 108
5000 500 50000 10000000 0.5 0.5 2 2 300 0 1000 0.01 0.03 109
5000 500 50000 10000000 0.5 0.5 2 2 300 0 1000 0.01 0.04 110
5000 500 50000 10000000 0.5 0.5 1 10 300 0 1000 0.01 0 111
5000 500 50000 10000000 0.5 0.5 1 10 300 0 1000 0.01 0.0033333333333333335 112
5000 500 50000 10000000 0.5 0.5 1 10 300 0 1000 0.01 0.006666666666666667 113
5000 500 50000 10000000 0.5 0.5 1 10 300 0 1000 0.01 0.03 114
5000 500 50000 10000000 0.5 0.5 1 10 300 0 1000 0.01 0.04 115
5000 500 50000 10000000 0.5 0.5 10 1 300 0 1000 0.01 0 116
5000 500 50000 10000000 0.5 0.5 10 1 300 0 1000 0.01 0.0033333333333333335 117
5000 500 50000 10000000 0.5 0.5 10 1 300 0 1000 0.01 0.006666666666666667 118
5000 500 50000 10000000 0.5 0.5 10 1 300 0 1000 0.01 0.03 119
5000 500 50000 10000000 0.5 0.5 10 1 300 0 1000 0.01 0.04 120
5000 500 50000 10000000 0.5 0.5 12 6 300 0 1000 0.01 0 121
5000 500 50000 10000000 0.5 0.5 12 6 300 0 1000 0.01 0.0033333333333333335 122
5000 500 50000 10000000 0.5 0.5 12 6 300 0 1000 0.01 0.006666666666666667 123
5000 500 50000 10000000 0.5 0.5 12 6 300 0 1000 0.01 0.03 124
5000 500 50000 10000000 0.5 0.5 12 6 300 0 1000 0.01 0.04 125
5000 500 50000 10000000 0.5 0.5 24 12 300 0 1000 0.01 0 126
5000 500 50000 10000000 0.5 0.5 24 12 300 0 1000 0.01 0.0033333333333333335 127
5000 500 50000 10000000 0.5 0.5 24 12 300 0 1000 0.01 0.006666666666666667 128
5000 500 50000 10000000 0.5 0.5 24 12 300 0 1000 0.01 0.03 129
5000 500 50000 10000000 0.5 0.5 24 12 300 0 1000 0.01 0.04 130
5000 500 50000 10000000 0.5 0.5 50 25 300 0 1000 0.01 0 131
5000 500 50000 10000000 0.5 0.5 50 25 300 0 1000 0.01 0.0033333333333333335 132
5000 500 50000 10000000 0.5 0.5 50 25 300 0 1000 0.01 0.006666666666666667 133
5000 500 50000 10000000 0.5 0.5 50 25 300 0 1000 0.01 0.03 134
5000 500 50000 10000000 0.5 0.5 50 25 300 0 1000 0.01 0.04 135
5000 500 50000 100000000 0.5 0.5 1 1 300 0 1000 0.01 0 136
5000 500 50000 100000000 0.5 0.5 1 1 300 0 1000 0.01 0.0033333333333333335 137
5000 500 50000 100000000 0.5 0.5 1 1 300 0 1000 0.01 0.006666666666666667 138
5000 500 50000 100000000 0.5 0.5 1 1 300 0 1000 0.01 0.03 139
5000 500 50000 100000000 0.5 0.5 1 1 300 0 1000 0.01 0.04 140
5000 500 50000 100000000 0.5 0.5 1 2 300 0 1000 0.01 0 141
5000 500 50000 100000000 0.5 0.5 1 2 300 0 1000 0.01 0.0033333333333333335 142
5000 500 50000 100000000 0.5 0.5 1 2 300 0 1000 0.01 0.006666666666666667 143
5000 500 50000 100000000 0.5 0.5 1 2 300 0 1000 0.01 0.03 144
5000 500 50000 100000000 0.5 0.5 1 2 300 0 1000 0.01 0.04 145
5000 500 50000 100000000 0.5 0.5 2 1 300 0 1000 0.01 0 146
5000 500 50000 100000000 0.5 0.5 2 1 300 0 1000 0.01 0.0033333333333333335 147
5000 500 50000 100000000 0.5 0.5 2 1 300 0 1000 0.01 0.006666666666666667 148
5000 500 50000 100000000 0.5 0.5 2 1 300 0 1000 0.01 0.03 149
5000 500 50000 100000000 0.5 0.5 2 1 300 0 1000 0.01 0.04 150
5000 500 50000 100000000 0.5 0.5 2 2 300 0 1000 0.01 0 151
5000 500 50000 100000000 0.5 0.5 2 2 300 0 1000 0.01 0.0033333333333333335 152
5000 500 50000 100000000 0.5 0.5 2 2 300 0 1000 0.01 0.006666666666666667 153
5000 500 50000 100000000 0.5 0.5 2 2 300 0 1000 0.01 0.03 154
5000 500 50000 100000000 0.5 0.5 2 2 300 0 1000 0.01 0.04 155
5000 500 50000 100000000 0.5 0.5 1 10 300 0 1000 0.01 0 156
5000 500 50000 100000000 0.5 0.5 1 10 300 0 1000 0.01 0.0033333333333333335 157
5000 500 50000 100000000 0.5 0.5 1 10 300 0 1000 0.01 0.006666666666666667 158
5000 500 50000 100000000 0.5 0.5 1 10 300 0 1000 0.01 0.03 159
5000 500 50000 100000000 0.5 0.5 1 10 300 0 1000 0.01 0.04 160
5000 500 50000 100000000 0.5 0.5 10 1 300 0 1000 0.01 0 161
5000 500 50000 100000000 0.5 0.5 10 1 300 0 1000 0.01 0.0033333333333333335 162
5000 500 50000 100000000 0.5 0.5 10 1 300 0 1000 0.01 0.006666666666666667 163
5000 500 50000 100000000 0.5 0.5 10 1 300 0 1000 0.01 0.03 164
5000 500 50000 100000000 0.5 0.5 10 1 300 0 1000 0.01 0.04 165
5000 500 50000 100000000 0.5 0.5 12 6 300 0 1000 0.01 0 166
5000 500 50000 100000000 0.5 0.5 12 6 300 0 1000 0.01 0.0033333333333333335 167
5000 500 50000 100000000 0.5 0.5 12 6 300 0 1000 0.01 0.006666666666666667 168
5000 500 50000 100000000 0.5 0.5 12 6 300 0 1000 0.01 0.03 169
5000 500 50000 100000000 0.5 0.5 12 6 300 0 1000 0.01 0.04 170
5000 500 50000 100000000 0.5 0.5 24 12 300 0 1000 0.01 0 171
5000 500 50000 100000000 0.5 0.5 24 12 300 0 1000 0.01 0.0033333333333333335 172
5000 500 50000 100000000 0.5 0.5 24 12 300 0 1000 0.01 0.006666666666666667 173
5000 500 50000 100000000 0.5 0.5 24 12 300 0 1000 0.01 0.03 174
5000 500 50000 100000000 0.5 0.5 24 12 300 0 1000 0.01 0.04 175
5000 500 50000 100000000 0.5 0.5 50 25 300 0 1000 0.01 0 176
5000 500 50000 100000000 0.5 0.5 50 25 300 0 1000 0.01 0.0033333333333333335 177
5000 500 50000 100000000 0.5 0.5 50 25 300 0 1000 0.01 0.006666666666666667 178
5000 500 50000 100000000 0.5 0.5 50 25 300 0 1000 0.01 0.03 179
5000 500 50000 100000000 0.5 0.5 50 25 300 0 1000 0.01 0.04 180
5000 100 50000 10000 0.5 0.5 1 1 300 0 1000 0.01 0 181
5000 100 50000 10000 0.5 0.5 1 1 300 0 1000 0.01 0.0033333333333333335 182
5000 100 50000 10000 0.5 0.5 1 1 300 0 1000 0.01 0.006666666666666667 183
5000 100 50000 10000 0.5 0.5 1 1 300 0 1000 0.01 0.03 184
5000 100 50000 10000 0.5 0.5 1 1 300 0 1000 0.01 0.04 185
5000 100 50000 10000 0.5 0.5 1 2 300 0 1000 0.01 0 186
5000 100 50000 10000 0.5 0.5 1 2 300 0 1000 0.01 0.0033333333333333335 187
5000 100 50000 10000 0.5 0.5 1 2 300 0 1000 0.01 0.006666666666666667 188
5000 100 50000 10000 0.5 0.5 1 2 300 0 1000 0.01 0.03 189
5000 100 50000 10000 0.5 0.5 1 2 300 0 1000 0.01 0.04 190
5000 100 50000 10000 0.5 0.5 2 1 300 0 1000 0.01 0 191
5000 100 50000 10000 0.5 0.5 2 1 300 0 1000 0.01 0.0033333333333333335 192
5000 100 50000 10000 0.5 0.5 2 1 300 0 1000 0.01 0.006666666666666667 193
5000 100 50000 10000 0.5 0.5 2 1 300 0 1000 0.01 0.03 194
5000 100 50000 10000 0.5 0.5 2 1 300 0 1000 0.01 0.04 195
5000 100 50000 10000 0.5 0.5 2 2 300 0 1000 0.01 0 196
5000 100 50000 10000 0.5 0.5 2 2 300 0 1000 0.01 0.0033333333333333335 197
5000 100 50000 10000 0.5 0.5 2 2 300 0 1000 0.01 0.006666666666666667 198
5000 100 50000 10000 0.5 0.5 2 2 300 0 1000 0.01 0.03 199
5000 100 50000 10000 0.5 0.5 2 2 300 0 1000 0.01 0.04 200
5000 100 50000 10000 0.5 0.5 1 10 300 0 1000 0.01 0 201
5000 100 50000 10000 0.5 0.5 1 10 300 0 1000 0.01 0.0033333333333333335 202
5000 100 50000 10000 0.5 0.5 1 10 300 0 1000 0.01 0.006666666666666667 203
5000 100 50000 10000 0.5 0.5 1 10 300 0 1000 0.01 0.03 204
5000 100 50000 10000 0.5 0.5 1 10 300 0 1000 0.01 0.04 205
5000 100 50000 10000 0.5 0.5 10 1 300 0 1000 0.01 0 206
5000 100 50000 10000 0.5 0.5 10 1 300 0 1000 0.01 0.0033333333333333335 207
5000 100 50000 10000 0.5 0.5 10 1 300 0 1000 0.01 0.006666666666666667 208
5000 100 50000 10000 0.5 0.5 10 1 300 0 1000 0.01 0.03 209
5000 100 50000 10000 0.5 0.5 10 1 300 0 1000 0.01 0.04 210
5000 100 50000 10000 0.5 0.5 12 6 300 0 1000 0.01 0 211
5000 100 50000 10000 0.5 0.5 12 6 300 0 1000 0.01 0.0033333333333333335 212
5000 100 50000 10000 0.5 0.5 12 6 300 0 1000 0.01 0.006666666666666667 213
5000 100 50000 10000 0.5 0.5 12 6 300 0 1000 0.01 0.03 214
5000 100 50000 10000 0.5 0.5 12 6 300 0 1000 0.01 0.04 215
5000 100 50000 10000 0.5 0.5 24 12 300 0 1000 0.01 0 216
5000 100 50000 10000 0.5 0.5 24 12 300 0 1000 0.01 0.0033333333333333335 217
5000 100 50000 10000 0.5 0.5 24 12 300 0 1000 0.01 0.006666666666666667 218
5000 100 50000 10000 0.5 0.5 24 12 300 0 1000 0.01 0.03 219
5000 100 50000 10000 0.5 0.5 24 12 300 0 1000 0.01 0.04 220
5000 100 50000 10000 0.5 0.5 50 25 300 0 1000 0.01 0 221
5000 100 50000 10000 0.5 0.5 50 25 300 0 1000 0.01 0.0033333333333333335 222
5000 100 50000 10000 0.5 0.5 50 25 300 0 1000 0.01 0.006666666666666667 223
5000 100 50000 10000 0.5 0.5 50 25 300 0 1000 0.01 0.03 224
5000 100 50000 10000 0.5 0.5 50 25 300 0 1000 0.01 0.04 225
5000 100 50000 100000 0.5 0.5 1 1 300 0 1000 0.01 0 226
5000 100 50000 100000 0.5 0.5 1 1 300 0 1000 0.01 0.0033333333333333335 227
5000 100 50000 100000 0.5 0.5 1 1 300 0 1000 0.01 0.006666666666666667 228
5000 100 50000 100000 0.5 0.5 1 1 300 0 1000 0.01 0.03 229
5000 100 50000 100000 0.5 0.5 1 1 300 0 1000 0.01 0.04 230
5000 100 50000 100000 0.5 0.5 1 2 300 0 1000 0.01 0 231
5000 100 50000 100000 0.5 0.5 1 2 300 0 1000 0.01 0.0033333333333333335 232
5000 100 50000 100000 0.5 0.5 1 2 300 0 1000 0.01 0.006666666666666667 233
5000 100 50000 100000 0.5 0.5 1 2 300 0 1000 0.01 0.03 234
5000 100 50000 100000 0.5 0.5 1 2 300 0 1000 0.01 0.04 235
5000 100 50000 100000 0.5 0.5 2 1 300 0 1000 0.01 0 236
5000 100 50000 100000 0.5 0.5 2 1 300 0 1000 0.01 0.0033333333333333335 237
5000 100 50000 100000 0.5 0.5 2 1 300 0 1000 0.01 0.006666666666666667 238
5000 100 50000 100000 0.5 0.5 2 1 300 0 1000 0.01 0.03 239
5000 100 50000 100000 0.5 0.5 2 1 300 0 1000 0.01 0.04 240
5000 100 50000 100000 0.5 0.5 2 2 300 0 1000 0.01 0 241
5000 100 50000 100000 0.5 0.5 2 2 300 0 1000 0.01 0.0033333333333333335 242
5000 100 50000 100000 0.5 0.5 2 2 300 0 1000 0.01 0.006666666666666667 243
5000 100 50000 100000 0.5 0.5 2 2 300 0 1000 0.01 0.03 244
5000 100 50000 100000 0.5 0.5 2 2 300 0 1000 0.01 0.04 245
5000 100 50000 100000 0.5 0.5 1 10 300 0 1000 0.01 0 246
5000 100 50000 100000 0.5 0.5 1 10 300 0 1000 0.01 0.0033333333333333335 247
5000 100 50000 100000 0.5 0.5 1 10 300 0 1000 0.01 0.006666666666666667 248
5000 100 50000 100000 0.5 0.5 1 10 300 0 1000 0.01 0.03 249
5000 100 50000 100000 0.5 0.5 1 10 300 0 1000 0.01 0.04 250
5000 100 50000 100000 0.5 0.5 10 1 300 0 1000 0.01 0 251
5000 100 50000 100000 0.5 0.5 10 1 300 0 1000 0.01 0.0033333333333333335 252
5000 100 50000 100000 0.5 0.5 10 1 300 0 1000 0.01 0.006666666666666667 253
5000 100 50000 100000 0.5 0.5 10 1 300 0 1000 0.01 0.03 254
5000 100 50000 100000 0.5 0.5 10 1 300 0 1000 0.01 0.04 255
5000 100 50000 100000 0.5 0.5 12 6 300 0 1000 0.01 0 256
5000 100 50000 100000 0.5 0.5 12 6 300 0 1000 0.01 0.0033333333333333335 257
5000 100 50000 100000 0.5 0.5 12 6 300 0 1000 0.01 0.006666666666666667 258
5000 100 50000 100000 0.5 0.5 12 6 300 0 1000 0.01 0.03 259
5000 100 50000 100000 0.5 0.5 12 6 300 0 1000 0.01 0.04 260
5000 100 50000 100000 0.5 0.5 24 12 300 0 1000 0.01 0 261
5000 100 50000 100000 0.5 0.5 24 12 300 0 1000 0.01 0.0033333333333333335 262
5000 100 50000 100000 0.5 0.5 24 12 300 0 1000 0.01 0.006666666666666667 263
5000 100 50000 100000 0.5 0.5 24 12 300 0 1000 0.01 0.03 264
5000 100 50000 100000 0.5 0.5 24 12 300 0 1000 0.01 0.04 265
5000 100 50000 100000 0.5 0.5 50 25 300 0 1000 0.01 0 266
5000 100 50000 100000 0.5 0.5 50 25 300 0 1000 0.01 0.0033333333333333335 267
5000 100 50000 100000 0.5 0.5 50 25 300 0 1000 0.01 0.006666666666666667 268
5000 100 50000 100000 0.5 0.5 50 25 300 0 1000 0.01 0.03 269
5000 100 50000 100000 0.5 0.5 50 25 300 0 1000 0.01 0.04 270
5000 100 50000 10000000 0.5 0.5 1 1 300 0 1000 0.01 0 271
5000 100 50000 10000000 0.5 0.5 1 1 300 0 1000 0.01 0.0033333333333333335 272
5000 100 50000 10000000 0.5 0.5 1 1 300 0 1000 0.01 0.006666666666666667 273
5000 100 50000 10000000 0.5 0.5 1 1 300 0 1000 0.01 0.03 274
5000 100 50000 10000000 0.5 0.5 1 1 300 0 1000 0.01 0.04 275
5000 100 50000 10000000 0.5 0.5 1 2 300 0 1000 0.01 0 276
5000 100 50000 10000000 0.5 0.5 1 2 300 0 1000 0.01 0.0033333333333333335 277
5000 100 50000 10000000 0.5 0.5 1 2 300 0 1000 0.01 0.006666666666666667 278
5000 100 50000 10000000 0.5 0.5 1 2 300 0 1000 0.01 0.03 279
5000 100 50000 10000000 0.5 0.5 1 2 300 0 1000 0.01 0.04 280
5000 100 50000 10000000 0.5 0.5 2 1 300 0 1000 0.01 0 281
5000 100 50000 10000000 0.5 0.5 2 1 300 0 1000 0.01 0.0033333333333333335 282
5000 100 50000 10000000 0.5 0.5 2 1 300 0 1000 0.01 0.006666666666666667 283
5000 100 50000 10000000 0.5 0.5 2 1 300 0 1000 0.01 0.03 284
5000 100 50000 10000000 0.5 0.5 2 1 300 0 1000 0.01 0.04 285
5000 100 50000 10000000 0.5 0.5 2 2 300 0 1000 0.01 0 286
5000 100 50000 10000000 0.5 0.5 2 2 300 0 1000 0.01 0.0033333333333333335 287
5000 100 50000 10000000 0.5 0.5 2 2 300 0 1000 0.01 0.006666666666666667 288
5000 100 50000 10000000 0.5 0.5 2 2 300 0 1000 0.01 0.03 289
5000 100 50000 10000000 0.5 0.5 2 2 300 0 1000 0.01 0.04 290
5000 100 50000 10000000 0.5 0.5 1 10 300 0 1000 0.01 0 291
5000 100 50000 10000000 0.5 0.5 1 10 300 0 1000 0.01 0.0033333333333333335 292
5000 100 50000 10000000 0.5 0.5 1 10 300 0 1000 0.01 0.006666666666666667 293
5000 100 50000 10000000 0.5 0.5 1 10 300 0 1000 0.01 0.03 294
5000 100 50000 10000000 0.5 0.5 1 10 300 0 1000 0.01 0.04 295
5000 100 50000 10000000 0.5 0.5 10 1 300 0 1000 0.01 0 296
5000 100 50000 10000000 0.5 0.5 10 1 300 0 1000 0.01 0.0033333333333333335 297
5000 100 50000 10000000 0.5 0.5 10 1 300 0 1000 0.01 0.006666666666666667 298
5000 100 50000 10000000 0.5 0.5 10 1 300 0 1000 0.01 0.03 299
5000 100 50000 10000000 0.5 0.5 10 1 300 0 1000 0.01 0.04 300
5000 100 50000 10000000 0.5 0.5 12 6 300 0 1000 0.01 0 301
5000 100 50000 10000000 0.5 0.5 12 6 300 0 1000 0.01 0.0033333333333333335 302
5000 100 50000 10000000 0.5 0.5 12 6 300 0 1000 0.01 0.006666666666666667 303
5000 100 50000 10000000 0.5 0.5 12 6 300 0 1000 0.01 0.03 304
5000 100 50000 10000000 0.5 0.5 12 6 300 0 1000 0.01 0.04 305
5000 100 50000 10000000 0.5 0.5 24 12 300 0 1000 0.01 0 306
5000 100 50000 10000000 0.5 0.5 24 12 300 0 1000 0.01 0.0033333333333333335 307
5000 100 50000 10000000 0.5 0.5 24 12 300 0 1000 0.01 0.006666666666666667 308
5000 100 50000 10000000 0.5 0.5 24 12 300 0 1000 0.01 0.03 309
5000 100 50000 10000000 0.5 0.5 24 12 300 0 1000 0.01 0.04 310
5000 100 50000 10000000 0.5 0.5 50 25 300 0 1000 0.01 0 311
5000 100 50000 10000000 0.5 0.5 50 25 300 0 1000 0.01 0.0033333333333333335 312
5000 100 50000 10000000 0.5 0.5 50 25 300 0 1000 0.01 0.006666666666666667 313
5000 100 50000 10000000 0.5 0.5 50 25 300 0 1000 0.01 0.03 314
5000 100 50000 10000000 0.5 0.5 50 25 300 0 1000 0.01 0.04 315
5000 100 50000 100000000 0.5 0.5 1 1 300 0 1000 0.01 0 316
5000 100 50000 100000000 0.5 0.5 1 1 300 0 1000 0.01 0.0033333333333333335 317
5000 100 50000 100000000 0.5 0.5 1 1 300 0 1000 0.01 0.006666666666666667 318
5000 100 50000 100000000 0.5 0.5 1 1 300 0 1000 0.01 0.03 319
5000 100 50000 100000000 0.5 0.5 1 1 300 0 1000 0.01 0.04 320
5000 100 50000 100000000 0.5 0.5 1 2 300 0 1000 0.01 0 321
5000 100 50000 100000000 0.5 0.5 1 2 300 0 1000 0.01 0.0033333333333333335 322
5000 100 50000 100000000 0.5 0.5 1 2 300 0 1000 0.01 0.006666666666666667 323
5000 100 50000 100000000 0.5 0.5 1 2 300 0 1000 0.01 0.03 324
5000 100 50000 100000000 0.5 0.5 1 2 300 0 1000 0.01 0.04 325
5000 100 50000 100000000 0.5 0.5 2 1 300 0 1000 0.01 0 326
5000 100 50000 100000000 0.5 0.5 2 1 300 0 1000 0.01 0.0033333333333333335 327
5000 100 50000 100000000 0.5 0.5 2 1 300 0 1000 0.01 0.006666666666666667 328
5000 100 50000 100000000 0.5 0.5 2 1 300 0 1000 0.01 0.03 329
5000 100 50000 100000000 0.5 0.5 2 1 300 0 1000 0.01 0.04 330
5000 100 50000 100000000 0.5 0.5 2 2 300 0 1000 0.01 0 331
5000 100 50000 100000000 0.5 0.5 2 2 300 0 1000 0.01 0.0033333333333333335 332
5000 100 50000 100000000 0.5 0.5 2 2 300 0 1000 0.01 0.006666666666666667 333
5000 100 50000 100000000 0.5 0.5 2 2 300 0 1000 0.01 0.03 334
5000 100 50000 100000000 0.5 0.5 2 2 300 0 1000 0.01 0.04 335
5000 100 50000 100000000 0.5 0.5 1 10 300 0 1000 0.01 0 336
5000 100 50000 100000000 0.5 0.5 1 10 300 0 1000 0.01 0.0033333333333333335 337
5000 100 50000 100000000 0.5 0.5 1 10 300 0 1000 0.01 0.006666666666666667 338
5000 100 50000 100000000 0.5 0.5 1 10 300 0 1000 0.01 0.03 339
5000 100 50000 100000000 0.5 0.5 1 10 300 0 1000 0.01 0.04 340
5000 100 50000 100000000 0.5 0.5 10 1 300 0 1000 0.01 0 341
5000 100 50000 100000000 0.5 0.5 10 1 300 0 1000 0.01 0.0033333333333333335 342
5000 100 50000 100000000 0.5 0.5 10 1 300 0 1000 0.01 0.006666666666666667 343
5000 100 50000 100000000 0.5 0.5 10 1 300 0 1000 0.01 0.03 344
5000 100 50000 100000000 0.5 0.5 10 1 300 0 1000 0.01 0.04 345
5000 100 50000 100000000 0.5 0.5 12 6 300 0 1000 0.01 0 346
5000 100 50000 100000000 0.5 0.5 12 6 300 0 1000 0.01 0.0033333333333333335 347
5000 100 50000 100000000 0.5 0.5 12 6 300 0 1000 0.01 0.006666666666666667 348
5000 100 50000 100000000 0.5 0.5 12 6 300 0 1000 0.01 0.03 349
5000 100 50000 100000000 0.5 0.5 12 6 300 0 1000 0.01 0.04 350
5000 100 50000 100000000 0.5 0.5 24 12 300 0 1000 0.01 0 351
5000 100 50000 100000000 0.5 0.5 24 12 300 0 1000 0.01 0.0033333333333333335 352
5000 100 50000 100000000 0.5 0.5 24 12 300 0 1000 0.01 0.006666666666666667 353
5000 100 50000 100000000 0.5 0.5 24 12 300 0 1000 0.01 0.03 354
5000 100 50000 100000000 0.5 0.5 24 12 300 0 1000 0.01 0.04 355
5000 100 50000 100000000 0.5 0.5 50 25 300 0 1000 0.01 0 356
5000 100 50000 100000000 0.5 0.5 50 25 300 0 1000 0.01 0.0033333333333333335 357
5000 100 50000 100000000 0.5 0.5 50 25 300 0 1000 0.01 0.006666666666666667 358
5000 100 50000 100000000 0.5 0.5 50 25 300 0 1000 0.01 0.03 359
5000 100 50000 100000000 0.5 0.5 50 25 300 0 1000 0.01 0.04 360
5000 25 50000 10000 0.5 0.5 1 1 300 0 1000 0.01 0 361
5000 25 50000 10000 0.5 0.5 1 1 300 0 1000 0.01 0.0033333333333333335 362
5000 25 50000 10000 0.5 0.5 1 1 300 0 1000 0.01 0.006666666666666667 363
5000 25 50000 10000 0.5 0.5 1 1 300 0 1000 0.01 0.03 364
5000 25 50000 10000 0.5 0.5 1 1 300 0 1000 0.01 0.04 365
5000 25 50000 10000 0.5 0.5 1 2 300 0 1000 0.01 0 366
5000 25 50000 10000 0.5 0.5 1 2 300 0 1000 0.01 0.0033333333333333335 367
5000 25 50000 10000 0.5 0.5 1 2 300 0 1000 0.01 0.006666666666666667 368
5000 25 50000 10000 0.5 0.5 1 2 300 0 1000 0.01 0.03 369
5000 25 50000 10000 0.5 0.5 1 2 300 0 1000 0.01 0.04 370
5000 25 50000 10000 0.5 0.5 2 1 300 0 1000 0.01 0 371
5000 25 50000 10000 0.5 0.5 2 1 300 0 1000 0.01 0.0033333333333333335 372
5000 25 50000 10000 0.5 0.5 2 1 300 0 1000 0.01 0.006666666666666667 373
5000 25 50000 10000 0.5 0.5 2 1 300 0 1000 0.01 0.03 374
5000 25 50000 10000 0.5 0.5 2 1 300 0 1000 0.01 0.04 375
5000 25 50000 10000 0.5 0.5 2 2 300 0 1000 0.01 0 376
5000 25 50000 10000 0.5 0.5 2 2 300 0 1000 0.01 0.0033333333333333335 377
5000 25 50000 10000 0.5 0.5 2 2 300 0 1000 0.01 0.006666666666666667 378
5000 25 50000 10000 0.5 0.5 2 2 300 0 1000 0.01 0.03 379
5000 25 50000 10000 0.5 0.5 2 2 300 0 1000 0.01 0.04 380
5000 25 50000 10000 0.5 0.5 1 10 300 0 1000 0.01 0 381
5000 25 50000 10000 0.5 0.5 1 10 300 0 1000 0.01 0.0033333333333333335 382
5000 25 50000 10000 0.5 0.5 1 10 300 0 1000 0.01 0.006666666666666667 383
5000 25 50000 10000 0.5 0.5 1 10 300 0 1000 0.01 0.03 384
5000 25 50000 10000 0.5 0.5 1 10 300 0 1000 0.01 0.04 385
5000 25 50000 10000 0.5 0.5 10 1 300 0 1000 0.01 0 386
5000 25 50000 10000 0.5 0.5 10 1 300 0 1000 0.01 0.0033333333333333335 387
5000 25 50000 10000 0.5 0.5 10 1 300 0 1000 0.01 0.006666666666666667 388
5000 25 50000 10000 0.5 0.5 10 1 300 0 1000 0.01 0.03 389
5000 25 50000 10000 0.5 0.5 10 1 300 0 1000 0.01 0.04 390
5000 25 50000 10000 0.5 0.5 12 6 300 0 1000 0.01 0 391
5000 25 50000 10000 0.5 0.5 12 6 300 0 1000 0.01 0.0033333333333333335 392
5000 25 50000 10000 0.5 0.5 12 6 300 0 1000 0.01 0.006666666666666667 393
5000 25 50000 10000 0.5 0.5 12 6 300 0 1000 0.01 0.03 394
5000 25 50000 10000 0.5 0.5 12 6 300 0 1000 0.01 0.04 395
5000 25 50000 10000 0.5 0.5 24 12 300 0 1000 0.01 0 396
5000 25 50000 10000 0.5 0.5 24 12 300 0 1000 0.01 0.0033333333333333335 397
5000 25 50000 10000 0.5 0.5 24 12 300 0 1000 0.01 0.006666666666666667 398
5000 25 50000 10000 0.5 0.5 24 12 300 0 1000 0.01 0.03 399
5000 25 50000 10000 0.5 0.5 24 12 300 0 1000 0.01 0.04 400
5000 25 50000 10000 0.5 0.5 50 25 300 0 1000 0.01 0 401
5000 25 50000 10000 0.5 0.5 50 25 300 0 1000 0.01 0.0033333333333333335 402
5000 25 50000 10000 0.5 0.5 50 25 300 0 1000 0.01 0.006666666666666667 403
5000 25 50000 10000 0.5 0.5 50 25 300 0 1000 0.01 0.03 404
5000 25 50000 10000 0.5 0.5 50 25 300 0 1000 0.01 0.04 405
5000 25 50000 100000 0.5 0.5 1 1 300 0 1000 0.01 0 406
5000 25 50000 100000 0.5 0.5 1 1 300 0 1000 0.01 0.0033333333333333335 407
5000 25 50000 100000 0.5 0.5 1 1 300 0 1000 0.01 0.006666666666666667 408
5000 25 50000 100000 0.5 0.5 1 1 300 0 1000 0.01 0.03 409
5000 25 50000 100000 0.5 0.5 1 1 300 0 1000 0.01 0.04 410
5000 25 50000 100000 0.5 0.5 1 2 300 0 1000 0.01 0 411
5000 25 50000 100000 0.5 0.5 1 2 300 0 1000 0.01 0.0033333333333333335 412
5000 25 50000 100000 0.5 0.5 1 2 300 0 1000 0.01 0.006666666666666667 413
5000 25 50000 100000 0.5 0.5 1 2 300 0 1000 0.01 0.03 414
5000 25 50000 100000 0.5 0.5 1 2 300 0 1000 0.01 0.04 415
5000 25 50000 100000 0.5 0.5 2 1 300 0 1000 0.01 0 416
5000 25 50000 100000 0.5 0.5 2 1 300 0 1000 0.01 0.0033333333333333335 417
5000 25 50000 100000 0.5 0.5 2 1 300 0 1000 0.01 0.006666666666666667 418
5000 25 50000 100000 0.5 0.5 2 1 300 0 1000 0.01 0.03 419
5000 25 50000 100000 0.5 0.5 2 1 300 0 1000 0.01 0.04 420
5000 25 50000 100000 0.5 0.5 2 2 300 0 1000 0.01 0 421
5000 25 50000 100000 0.5 0.5 2 2 300 0 1000 0.01 0.0033333333333333335 422
5000 25 50000 100000 0.5 0.5 2 2 300 0 1000 0.01 0.006666666666666667 423
5000 25 50000 100000 0.5 0.5 2 2 300 0 1000 0.01 0.03 424
5000 25 50000 100000 0.5 0.5 2 2 300 0 1000 0.01 0.04 425
5000 25 50000 100000 0.5 0.5 1 10 300 0 1000 0.01 0 426
5000 25 50000 100000 0.5 0.5 1 10 300 0 1000 0.01 0.0033333333333333335 427
5000 25 50000 100000 0.5 0.5 1 10 300 0 1000 0.01 0.006666666666666667 428
5000 25 50000 100000 0.5 0.5 1 10 300 0 1000 0.01 0.03 429
5000 25 50000 100000 0.5 0.5 1 10 300 0 1000 0.01 0.04 430
5000 25 50000 100000 0.5 0.5 10 1 300 0 1000 0.01 0 431
5000 25 50000 100000 0.5 0.5 10 1 300 0 1000 0.01 0.0033333333333333335 432
5000 25 50000 100000 0.5 0.5 10 1 300 0 1000 0.01 0.006666666666666667 433
5000 25 50000 100000 0.5 0.5 10 1 300 0 1000 0.01 0.03 434
5000 25 50000 100000 0.5 0.5 10 1 300 0 1000 0.01 0.04 435
5000 25 50000 100000 0.5 0.5 12 6 300 0 1000 0.01 0 436
5000 25 50000 100000 0.5 0.5 12 6 300 0 1000 0.01 0.0033333333333333335 437
5000 25 50000 100000 0.5 0.5 12 6 300 0 1000 0.01 0.006666666666666667 438
5000 25 50000 100000 0.5 0.5 12 6 300 0 1000 0.01 0.03 439
5000 25 50000 100000 0.5 0.5 12 6 300 0 1000 0.01 0.04 440
5000 25 50000 100000 0.5 0.5 24 12 300 0 1000 0.01 0 441
5000 25 50000 100000 0.5 0.5 24 12 300 0 1000 0.01 0.0033333333333333335 442
5000 25 50000 100000 0.5 0.5 24 12 300 0 1000 0.01 0.006666666666666667 443
5000 25 50000 100000 0.5 0.5 24 12 300 0 1000 0.01 0.03 444
5000 25 50000 100000 0.5 0.5 24 12 300 0 1000 0.01 0.04 445
5000 25 50000 100000 0.5 0.5 50 25 300 0 1000 0.01 0 446
5000 25 50000 100000 0.5 0.5 50 25 300 0 1000 0.01 0.0033333333333333335 447
5000 25 50000 100000 0.5 0.5 50 25 300 0 1000 0.01 0.006666666666666667 448
5000 25 50000 100000 0.5 0.5 50 25 300 0 1000 0.01 0.03 449
5000 25 50000 100000 0.5 0.5 50 25 300 0 1000 0.01 0.04 450
5000 25 50000 10000000 0.5 0.5 1 1 300 0 1000 0.01 0 451
5000 25 50000 10000000 0.5 0.5 1 1 300 0 1000 0.01 0.0033333333333333335 452
5000 25 50000 10000000 0.5 0.5 1 1 300 0 1000 0.01 0.006666666666666667 453
5000 25 50000 10000000 0.5 0.5 1 1 300 0 1000 0.01 0.03 454
5000 25 50000 10000000 0.5 0.5 1 1 300 0 1000 0.01 0.04 455
5000 25 50000 10000000 0.5 0.5 1 2 300 0 1000 0.01 0 456
5000 25 50000 10000000 0.5 0.5 1 2 300 0 1000 0.01 0.0033333333333333335 457
5000 25 50000 10000000 0.5 0.5 1 2 300 0 1000 0.01 0.006666666666666667 458
5000 25 50000 10000000 0.5 0.5 1 2 300 0 1000 0.01 0.03 459
5000 25 50000 10000000 0.5 0.5 1 2 300 0 1000 0.01 0.04 460
5000 25 50000 10000000 0.5 0.5 2 1 300 0 1000 0.01 0 461
5000 25 50000 10000000 0.5 0.5 2 1 300 0 1000 0.01 0.0033333333333333335 462
5000 25 50000 10000000 0.5 0.5 2 1 300 0 1000 0.01 0.006666666666666667 463
5000 25 50000 10000000 0.5 0.5 2 1 300 0 1000 0.01 0.03 464
5000 25 50000 10000000 0.5 0.5 2 1 300 0 1000 0.01 0.04 465
5000 25 50000 10000000 0.5 0.5 2 2 300 0 1000 0.01 0 466
5000 25 50000 10000000 0.5 0.5 2 2 300 0 1000 0.01 0.0033333333333333335 467
5000 25 50000 10000000 0.5 0.5 2 2 300 0 1000 0.01 0.006666666666666667 468
5000 25 50000 10000000 0.5 0.5 2 2 300 0 1000 0.01 0.03 469
5000 25 50000 10000000 0.5 0.5 2 2 300 0 1000 0.01 0.04 470
5000 25 50000 10000000 0.5 0.5 1 10 300 0 1000 0.01 0 471
5000 25 50000 10000000 0.5 0.5 1 10 300 0 1000 0.01 0.0033333333333333335 472
5000 25 50000 10000000 0.5 0.5 1 10 300 0 1000 0.01 0.006666666666666667 473
5000 25 50000 10000000 0.5 0.5 1 10 300 0 1000 0.01 0.03 474
5000 25 50000 10000000 0.5 0.5 1 10 300 0 1000 0.01 0.04 475
5000 25 50000 10000000 0.5 0.5 10 1 300 0 1000 0.01 0 476
5000 25 50000 10000000 0.5 0.5 10 1 300 0 1000 0.01 0.0033333333333333335 477
5000 25 50000 10000000 0.5 0.5 10 1 300 0 1000 0.01 0.006666666666666667 478
5000 25 50000 10000000 0.5 0.5 10 1 300 0 1000 0.01 0.03 479
5000 25 50000 10000000 0.5 0.5 10 1 300 0 1000 0.01 0.04 480
5000 25 50000 10000000 0.5 0.5 12 6 300 0 1000 0.01 0 481
5000 25 50000 10000000 0.5 0.5 12 6 300 0 1000 0.01 0.0033333333333333335 482
5000 25 50000 10000000 0.5 0.5 12 6 300 0 1000 0.01 0.006666666666666667 483
5000 25 50000 10000000 0.5 0.5 12 6 300 0 1000 0.01 0.03 484
5000 25 50000 10000000 0.5 0.5 12 6 300 0 1000 0.01 0.04 485
5000 25 50000 10000000 0.5 0.5 24 12 300 0 1000 0.01 0 486
5000 25 50000 10000000 0.5 0.5 24 12 300 0 1000 0.01 0.0033333333333333335 487
5000 25 50000 10000000 0.5 0.5 24 12 300 0 1000 0.01 0.006666666666666667 488
5000 25 50000 10000000 0.5 0.5 24 12 300 0 1000 0.01 0.03 489
5000 25 50000 10000000 0.5 0.5 24 12 300 0 1000 0.01 0.04 490
5000 25 50000 10000000 0.5 0.5 50 25 300 0 1000 0.01 0 491
5000 25 50000 10000000 0.5 0.5 50 25 300 0 1000 0.01 0.0033333333333333335 492
5000 25 50000 10000000 0.5 0.5 50 25 300 0 1000 0.01 0.006666666666666667 493
5000 25 50000 10000000 0.5 0.5 50 25 300 0 1000 0.01 0.03 494
5000 25 50000 10000000 0.5 0.5 50 25 300 0 1000 0.01 0.04 495
5000 25 50000 100000000 0.5 0.5 1 1 300 0 1000 0.01 0 496
5000 25 50000 100000000 0.5 0.5 1 1 300 0 1000 0.01 0.0033333333333333335 497
5000 25 50000 100000000 0.5 0.5 1 1 300 0 1000 0.01 0.006666666666666667 498
5000 25 50000 100000000 0.5 0.5 1 1 300 0 1000 0.01 0.03 499
5000 25 50000 100000000 0.5 0.5 1 1 300 0 1000 0.01 0.04 500
5000 25 50000 100000000 0.5 0.5 1 2 300 0 1000 0.01 0 501
5000 25 50000 100000000 0.5 0.5 1 2 300 0 1000 0.01 0.0033333333333333335 502
5000 25 50000 100000000 0.5 0.5 1 2 300 0 1000 0.01 0.006666666666666667 503
5000 25 50000 100000000 0.5 0.5 1 2 300 0 1000 0.01 0.03 504
5000 25 50000 100000000 0.5 0.5 1 2 300 0 1000 0.01 0.04 505
5000 25 50000 100000000 0.5 0.5 2 1 300 0 1000 0.01 0 506
5000 25 50000 100000000 0.5 0.5 2 1 300 0 1000 0.01 0.0033333333333333335 507
5000 25 50000 100000000 0.5 0.5 2 1 300 0 1000 0.01 0.006666666666666667 508
5000 25 50000 100000000 0.5 0.5 2 1 300 0 1000 0.01 0.03 509
5000 25 50000 100000000 0.5 0.5 2 1 300 0 1000 0.01 0.04 510
5000 25 50000 100000000 0.5 0.5 2 2 300 0 1000 0.01 0 511
5000 25 50000 100000000 0.5 0.5 2 2 300 0 1000 0.01 0.0033333333333333335 512
5000 25 50000 100000000 0.5 0.5 2 2 300 0 1000 0.01 0.006666666666666667 513
5000 25 50000 100000000 0.5 0.5 2 2 300 0 1000 0.01 0.03 514
5000 25 50000 100000000 0.5 0.5 2 2 300 0 1000 0.01 0.04 515
5000 25 50000 100000000 0.5 0.5 1 10 300 0 1000 0.01 0 516
5000 25 50000 100000000 0.5 0.5 1 10 300 0 1000 0.01 0.0033333333333333335 517
5000 25 50000 100000000 0.5 0.5 1 10 300 0 1000 0.01 0.006666666666666667 518
5000 25 50000 100000000 0.5 0.5 1 10 300 0 1000 0.01 0.03 519
5000 25 50000 100000000 0.5 0.5 1 10 300 0 1000 0.01 0.04 520
5000 25 50000 100000000 0.5 0.5 10 1 300 0 1000 0.01 0 521
5000 25 50000 100000000 0.5 0.5 10 1 300 0 1000 0.01 0.0033333333333333335 522
5000 25 50000 100000000 0.5 0.5 10 1 300 0 1000 0.01 0.006666666666666667 523
5000 25 50000 100000000 0.5 0.5 10 1 300 0 1000 0.01 0.03 524
5000 25 50000 100000000 0.5 0.5 10 1 300 0 1000 0.01 0.04 525
5000 25 50000 100000000 0.5 0.5 12 6 300 0 1000 0.01 0 526
5000 25 50000 100000000 0.5 0.5 12 6 300 0 1000 0.01 0.0033333333333333335 527
5000 25 50000 100000000 0.5 0.5 12 6 300 0 1000 0.01 0.006666666666666667 528
5000 25 50000 100000000 0.5 0.5 12 6 300 0 1000 0.01 0.03 529
5000 25 50000 100000000 0.5 0.5 12 6 300 0 1000 0.01 0.04 530
5000 25 50000 100000000 0.5 0.5 24 12 300 0 1000 0.01 0 531
5000 25 50000 100000000 0.5 0.5 24 12 300 0 1000 0.01 0.0033333333333333335 532
5000 25 50000 100000000 0.5 0.5 24 12 300 0 1000 0.01 0.006666666666666667 533
5000 25 50000 100000000 0.5 0.5 24 12 300 0 1000 0.01 0.03 534
5000 25 50000 100000000 0.5 0.5 24 12 300 0 1000 0.01 0.04 535
5000 25 50000 100000000 0.5 0.5 50 25 300 0 1000 0.01 0 536
5000 25 50000 100000000 0.5 0.5 50 25 300 0 1000 0.01 0.0033333333333333335 537
5000 25 50000 100000000 0.5 0.5 50 25 300 0 1000 0.01 0.006666666666666667 538
5000 25 50000 100000000 0.5 0.5 50 25 300 0 1000 0.01 0.03 539
5000 25 50000 100000000 0.5 0.5 50 25 300 0 1000 0.01 0.04 540