popsize, maxsubsize, migration, mutation, rec1, rec2, numinds, numindssub, maxrepro, overdom, numgens, parthreduction, parthpenalty, plotnumber

500000 50000 5000000 10000 0.5 0.5 1 1 300 0 1000 0.01 0 001
500000 50000 5000000 10000 0.5 0.5 1 1 300 0 1000 0.01 0.0033333333333333335 002
500000 50000 5000000 10000 0.5 0.5 1 1 300 0 1000 0.01 0.006666666666666667 003
500000 50000 5000000 10000 0.5 0.5 1 1 300 0 1000 0.01 0.03 004
500000 50000 5000000 10000 0.5 0.5 1 1 300 0 1000 0.01 0.04 005
500000 50000 5000000 10000 0.5 0.5 1 2 300 0 1000 0.01 0 006
500000 50000 5000000 10000 0.5 0.5 1 2 300 0 1000 0.01 0.0033333333333333335 007
500000 50000 5000000 10000 0.5 0.5 1 2 300 0 1000 0.01 0.006666666666666667 008
500000 50000 5000000 10000 0.5 0.5 1 2 300 0 1000 0.01 0.03 009
500000 50000 5000000 10000 0.5 0.5 1 2 300 0 1000 0.01 0.04 010
500000 50000 5000000 10000 0.5 0.5 2 1 300 0 1000 0.01 0 011
500000 50000 5000000 10000 0.5 0.5 2 1 300 0 1000 0.01 0.0033333333333333335 012
500000 50000 5000000 10000 0.5 0.5 2 1 300 0 1000 0.01 0.006666666666666667 013
500000 50000 5000000 10000 0.5 0.5 2 1 300 0 1000 0.01 0.03 014
500000 50000 5000000 10000 0.5 0.5 2 1 300 0 1000 0.01 0.04 015
500000 50000 5000000 10000 0.5 0.5 2 2 300 0 1000 0.01 0 016
500000 50000 5000000 10000 0.5 0.5 2 2 300 0 1000 0.01 0.0033333333333333335 017
500000 50000 5000000 10000 0.5 0.5 2 2 300 0 1000 0.01 0.006666666666666667 018
500000 50000 5000000 10000 0.5 0.5 2 2 300 0 1000 0.01 0.03 019
500000 50000 5000000 10000 0.5 0.5 2 2 300 0 1000 0.01 0.04 020
500000 50000 5000000 10000 0.5 0.5 1 10 300 0 1000 0.01 0 021
500000 50000 5000000 10000 0.5 0.5 1 10 300 0 1000 0.01 0.0033333333333333335 022
500000 50000 5000000 10000 0.5 0.5 1 10 300 0 1000 0.01 0.006666666666666667 023
500000 50000 5000000 10000 0.5 0.5 1 10 300 0 1000 0.01 0.03 024
500000 50000 5000000 10000 0.5 0.5 1 10 300 0 1000 0.01 0.04 025
500000 50000 5000000 10000 0.5 0.5 10 1 300 0 1000 0.01 0 026
500000 50000 5000000 10000 0.5 0.5 10 1 300 0 1000 0.01 0.0033333333333333335 027
500000 50000 5000000 10000 0.5 0.5 10 1 300 0 1000 0.01 0.006666666666666667 028
500000 50000 5000000 10000 0.5 0.5 10 1 300 0 1000 0.01 0.03 029
500000 50000 5000000 10000 0.5 0.5 10 1 300 0 1000 0.01 0.04 030
500000 50000 5000000 10000 0.5 0.5 12 6 300 0 1000 0.01 0 031
500000 50000 5000000 10000 0.5 0.5 12 6 300 0 1000 0.01 0.0033333333333333335 032
500000 50000 5000000 10000 0.5 0.5 12 6 300 0 1000 0.01 0.006666666666666667 033
500000 50000 5000000 10000 0.5 0.5 12 6 300 0 1000 0.01 0.03 034
500000 50000 5000000 10000 0.5 0.5 12 6 300 0 1000 0.01 0.04 035
500000 50000 5000000 10000 0.5 0.5 24 12 300 0 1000 0.01 0 036
500000 50000 5000000 10000 0.5 0.5 24 12 300 0 1000 0.01 0.0033333333333333335 037
500000 50000 5000000 10000 0.5 0.5 24 12 300 0 1000 0.01 0.006666666666666667 038
500000 50000 5000000 10000 0.5 0.5 24 12 300 0 1000 0.01 0.03 039
500000 50000 5000000 10000 0.5 0.5 24 12 300 0 1000 0.01 0.04 040
500000 50000 5000000 10000 0.5 0.5 50 25 300 0 1000 0.01 0 041
500000 50000 5000000 10000 0.5 0.5 50 25 300 0 1000 0.01 0.0033333333333333335 042
500000 50000 5000000 10000 0.5 0.5 50 25 300 0 1000 0.01 0.006666666666666667 043
500000 50000 5000000 10000 0.5 0.5 50 25 300 0 1000 0.01 0.03 044
500000 50000 5000000 10000 0.5 0.5 50 25 300 0 1000 0.01 0.04 045
500000 50000 5000000 100000 0.5 0.5 1 1 300 0 1000 0.01 0 046
500000 50000 5000000 100000 0.5 0.5 1 1 300 0 1000 0.01 0.0033333333333333335 047
500000 50000 5000000 100000 0.5 0.5 1 1 300 0 1000 0.01 0.006666666666666667 048
500000 50000 5000000 100000 0.5 0.5 1 1 300 0 1000 0.01 0.03 049
500000 50000 5000000 100000 0.5 0.5 1 1 300 0 1000 0.01 0.04 050
500000 50000 5000000 100000 0.5 0.5 1 2 300 0 1000 0.01 0 051
500000 50000 5000000 100000 0.5 0.5 1 2 300 0 1000 0.01 0.0033333333333333335 052
500000 50000 5000000 100000 0.5 0.5 1 2 300 0 1000 0.01 0.006666666666666667 053
500000 50000 5000000 100000 0.5 0.5 1 2 300 0 1000 0.01 0.03 054
500000 50000 5000000 100000 0.5 0.5 1 2 300 0 1000 0.01 0.04 055
500000 50000 5000000 100000 0.5 0.5 2 1 300 0 1000 0.01 0 056
500000 50000 5000000 100000 0.5 0.5 2 1 300 0 1000 0.01 0.0033333333333333335 057
500000 50000 5000000 100000 0.5 0.5 2 1 300 0 1000 0.01 0.006666666666666667 058
500000 50000 5000000 100000 0.5 0.5 2 1 300 0 1000 0.01 0.03 059
500000 50000 5000000 100000 0.5 0.5 2 1 300 0 1000 0.01 0.04 060
500000 50000 5000000 100000 0.5 0.5 2 2 300 0 1000 0.01 0 061
500000 50000 5000000 100000 0.5 0.5 2 2 300 0 1000 0.01 0.0033333333333333335 062
500000 50000 5000000 100000 0.5 0.5 2 2 300 0 1000 0.01 0.006666666666666667 063
500000 50000 5000000 100000 0.5 0.5 2 2 300 0 1000 0.01 0.03 064
500000 50000 5000000 100000 0.5 0.5 2 2 300 0 1000 0.01 0.04 065
500000 50000 5000000 100000 0.5 0.5 1 10 300 0 1000 0.01 0 066
500000 50000 5000000 100000 0.5 0.5 1 10 300 0 1000 0.01 0.0033333333333333335 067
500000 50000 5000000 100000 0.5 0.5 1 10 300 0 1000 0.01 0.006666666666666667 068
500000 50000 5000000 100000 0.5 0.5 1 10 300 0 1000 0.01 0.03 069
500000 50000 5000000 100000 0.5 0.5 1 10 300 0 1000 0.01 0.04 070
500000 50000 5000000 100000 0.5 0.5 10 1 300 0 1000 0.01 0 071
500000 50000 5000000 100000 0.5 0.5 10 1 300 0 1000 0.01 0.0033333333333333335 072
500000 50000 5000000 100000 0.5 0.5 10 1 300 0 1000 0.01 0.006666666666666667 073
500000 50000 5000000 100000 0.5 0.5 10 1 300 0 1000 0.01 0.03 074
500000 50000 5000000 100000 0.5 0.5 10 1 300 0 1000 0.01 0.04 075
500000 50000 5000000 100000 0.5 0.5 12 6 300 0 1000 0.01 0 076
500000 50000 5000000 100000 0.5 0.5 12 6 300 0 1000 0.01 0.0033333333333333335 077
500000 50000 5000000 100000 0.5 0.5 12 6 300 0 1000 0.01 0.006666666666666667 078
500000 50000 5000000 100000 0.5 0.5 12 6 300 0 1000 0.01 0.03 079
500000 50000 5000000 100000 0.5 0.5 12 6 300 0 1000 0.01 0.04 080
500000 50000 5000000 100000 0.5 0.5 24 12 300 0 1000 0.01 0 081
500000 50000 5000000 100000 0.5 0.5 24 12 300 0 1000 0.01 0.0033333333333333335 082
500000 50000 5000000 100000 0.5 0.5 24 12 300 0 1000 0.01 0.006666666666666667 083
500000 50000 5000000 100000 0.5 0.5 24 12 300 0 1000 0.01 0.03 084
500000 50000 5000000 100000 0.5 0.5 24 12 300 0 1000 0.01 0.04 085
500000 50000 5000000 100000 0.5 0.5 50 25 300 0 1000 0.01 0 086
500000 50000 5000000 100000 0.5 0.5 50 25 300 0 1000 0.01 0.0033333333333333335 087
500000 50000 5000000 100000 0.5 0.5 50 25 300 0 1000 0.01 0.006666666666666667 088
500000 50000 5000000 100000 0.5 0.5 50 25 300 0 1000 0.01 0.03 089
500000 50000 5000000 100000 0.5 0.5 50 25 300 0 1000 0.01 0.04 090
500000 50000 5000000 10000000 0.5 0.5 1 1 300 0 1000 0.01 0 091
500000 50000 5000000 10000000 0.5 0.5 1 1 300 0 1000 0.01 0.0033333333333333335 092
500000 50000 5000000 10000000 0.5 0.5 1 1 300 0 1000 0.01 0.006666666666666667 093
500000 50000 5000000 10000000 0.5 0.5 1 1 300 0 1000 0.01 0.03 094
500000 50000 5000000 10000000 0.5 0.5 1 1 300 0 1000 0.01 0.04 095
500000 50000 5000000 10000000 0.5 0.5 1 2 300 0 1000 0.01 0 096
500000 50000 5000000 10000000 0.5 0.5 1 2 300 0 1000 0.01 0.0033333333333333335 097
500000 50000 5000000 10000000 0.5 0.5 1 2 300 0 1000 0.01 0.006666666666666667 098
500000 50000 5000000 10000000 0.5 0.5 1 2 300 0 1000 0.01 0.03 099
500000 50000 5000000 10000000 0.5 0.5 1 2 300 0 1000 0.01 0.04 100
500000 50000 5000000 10000000 0.5 0.5 2 1 300 0 1000 0.01 0 101
500000 50000 5000000 10000000 0.5 0.5 2 1 300 0 1000 0.01 0.0033333333333333335 102
500000 50000 5000000 10000000 0.5 0.5 2 1 300 0 1000 0.01 0.006666666666666667 103
500000 50000 5000000 10000000 0.5 0.5 2 1 300 0 1000 0.01 0.03 104
500000 50000 5000000 10000000 0.5 0.5 2 1 300 0 1000 0.01 0.04 105
500000 50000 5000000 10000000 0.5 0.5 2 2 300 0 1000 0.01 0 106
500000 50000 5000000 10000000 0.5 0.5 2 2 300 0 1000 0.01 0.0033333333333333335 107
500000 50000 5000000 10000000 0.5 0.5 2 2 300 0 1000 0.01 0.006666666666666667 108
500000 50000 5000000 10000000 0.5 0.5 2 2 300 0 1000 0.01 0.03 109
500000 50000 5000000 10000000 0.5 0.5 2 2 300 0 1000 0.01 0.04 110
500000 50000 5000000 10000000 0.5 0.5 1 10 300 0 1000 0.01 0 111
500000 50000 5000000 10000000 0.5 0.5 1 10 300 0 1000 0.01 0.0033333333333333335 112
500000 50000 5000000 10000000 0.5 0.5 1 10 300 0 1000 0.01 0.006666666666666667 113
500000 50000 5000000 10000000 0.5 0.5 1 10 300 0 1000 0.01 0.03 114
500000 50000 5000000 10000000 0.5 0.5 1 10 300 0 1000 0.01 0.04 115
500000 50000 5000000 10000000 0.5 0.5 10 1 300 0 1000 0.01 0 116
500000 50000 5000000 10000000 0.5 0.5 10 1 300 0 1000 0.01 0.0033333333333333335 117
500000 50000 5000000 10000000 0.5 0.5 10 1 300 0 1000 0.01 0.006666666666666667 118
500000 50000 5000000 10000000 0.5 0.5 10 1 300 0 1000 0.01 0.03 119
500000 50000 5000000 10000000 0.5 0.5 10 1 300 0 1000 0.01 0.04 120
500000 50000 5000000 10000000 0.5 0.5 12 6 300 0 1000 0.01 0 121
500000 50000 5000000 10000000 0.5 0.5 12 6 300 0 1000 0.01 0.0033333333333333335 122
500000 50000 5000000 10000000 0.5 0.5 12 6 300 0 1000 0.01 0.006666666666666667 123
500000 50000 5000000 10000000 0.5 0.5 12 6 300 0 1000 0.01 0.03 124
500000 50000 5000000 10000000 0.5 0.5 12 6 300 0 1000 0.01 0.04 125
500000 50000 5000000 10000000 0.5 0.5 24 12 300 0 1000 0.01 0 126
500000 50000 5000000 10000000 0.5 0.5 24 12 300 0 1000 0.01 0.0033333333333333335 127
500000 50000 5000000 10000000 0.5 0.5 24 12 300 0 1000 0.01 0.006666666666666667 128
500000 50000 5000000 10000000 0.5 0.5 24 12 300 0 1000 0.01 0.03 129
500000 50000 5000000 10000000 0.5 0.5 24 12 300 0 1000 0.01 0.04 130
500000 50000 5000000 10000000 0.5 0.5 50 25 300 0 1000 0.01 0 131
500000 50000 5000000 10000000 0.5 0.5 50 25 300 0 1000 0.01 0.0033333333333333335 132
500000 50000 5000000 10000000 0.5 0.5 50 25 300 0 1000 0.01 0.006666666666666667 133
500000 50000 5000000 10000000 0.5 0.5 50 25 300 0 1000 0.01 0.03 134
500000 50000 5000000 10000000 0.5 0.5 50 25 300 0 1000 0.01 0.04 135
500000 50000 5000000 100000000 0.5 0.5 1 1 300 0 1000 0.01 0 136
500000 50000 5000000 100000000 0.5 0.5 1 1 300 0 1000 0.01 0.0033333333333333335 137
500000 50000 5000000 100000000 0.5 0.5 1 1 300 0 1000 0.01 0.006666666666666667 138
500000 50000 5000000 100000000 0.5 0.5 1 1 300 0 1000 0.01 0.03 139
500000 50000 5000000 100000000 0.5 0.5 1 1 300 0 1000 0.01 0.04 140
500000 50000 5000000 100000000 0.5 0.5 1 2 300 0 1000 0.01 0 141
500000 50000 5000000 100000000 0.5 0.5 1 2 300 0 1000 0.01 0.0033333333333333335 142
500000 50000 5000000 100000000 0.5 0.5 1 2 300 0 1000 0.01 0.006666666666666667 143
500000 50000 5000000 100000000 0.5 0.5 1 2 300 0 1000 0.01 0.03 144
500000 50000 5000000 100000000 0.5 0.5 1 2 300 0 1000 0.01 0.04 145
500000 50000 5000000 100000000 0.5 0.5 2 1 300 0 1000 0.01 0 146
500000 50000 5000000 100000000 0.5 0.5 2 1 300 0 1000 0.01 0.0033333333333333335 147
500000 50000 5000000 100000000 0.5 0.5 2 1 300 0 1000 0.01 0.006666666666666667 148
500000 50000 5000000 100000000 0.5 0.5 2 1 300 0 1000 0.01 0.03 149
500000 50000 5000000 100000000 0.5 0.5 2 1 300 0 1000 0.01 0.04 150
500000 50000 5000000 100000000 0.5 0.5 2 2 300 0 1000 0.01 0 151
500000 50000 5000000 100000000 0.5 0.5 2 2 300 0 1000 0.01 0.0033333333333333335 152
500000 50000 5000000 100000000 0.5 0.5 2 2 300 0 1000 0.01 0.006666666666666667 153
500000 50000 5000000 100000000 0.5 0.5 2 2 300 0 1000 0.01 0.03 154
500000 50000 5000000 100000000 0.5 0.5 2 2 300 0 1000 0.01 0.04 155
500000 50000 5000000 100000000 0.5 0.5 1 10 300 0 1000 0.01 0 156
500000 50000 5000000 100000000 0.5 0.5 1 10 300 0 1000 0.01 0.0033333333333333335 157
500000 50000 5000000 100000000 0.5 0.5 1 10 300 0 1000 0.01 0.006666666666666667 158
500000 50000 5000000 100000000 0.5 0.5 1 10 300 0 1000 0.01 0.03 159
500000 50000 5000000 100000000 0.5 0.5 1 10 300 0 1000 0.01 0.04 160
500000 50000 5000000 100000000 0.5 0.5 10 1 300 0 1000 0.01 0 161
500000 50000 5000000 100000000 0.5 0.5 10 1 300 0 1000 0.01 0.0033333333333333335 162
500000 50000 5000000 100000000 0.5 0.5 10 1 300 0 1000 0.01 0.006666666666666667 163
500000 50000 5000000 100000000 0.5 0.5 10 1 300 0 1000 0.01 0.03 164
500000 50000 5000000 100000000 0.5 0.5 10 1 300 0 1000 0.01 0.04 165
500000 50000 5000000 100000000 0.5 0.5 12 6 300 0 1000 0.01 0 166
500000 50000 5000000 100000000 0.5 0.5 12 6 300 0 1000 0.01 0.0033333333333333335 167
500000 50000 5000000 100000000 0.5 0.5 12 6 300 0 1000 0.01 0.006666666666666667 168
500000 50000 5000000 100000000 0.5 0.5 12 6 300 0 1000 0.01 0.03 169
500000 50000 5000000 100000000 0.5 0.5 12 6 300 0 1000 0.01 0.04 170
500000 50000 5000000 100000000 0.5 0.5 24 12 300 0 1000 0.01 0 171
500000 50000 5000000 100000000 0.5 0.5 24 12 300 0 1000 0.01 0.0033333333333333335 172
500000 50000 5000000 100000000 0.5 0.5 24 12 300 0 1000 0.01 0.006666666666666667 173
500000 50000 5000000 100000000 0.5 0.5 24 12 300 0 1000 0.01 0.03 174
500000 50000 5000000 100000000 0.5 0.5 24 12 300 0 1000 0.01 0.04 175
500000 50000 5000000 100000000 0.5 0.5 50 25 300 0 1000 0.01 0 176
500000 50000 5000000 100000000 0.5 0.5 50 25 300 0 1000 0.01 0.0033333333333333335 177
500000 50000 5000000 100000000 0.5 0.5 50 25 300 0 1000 0.01 0.006666666666666667 178
500000 50000 5000000 100000000 0.5 0.5 50 25 300 0 1000 0.01 0.03 179
500000 50000 5000000 100000000 0.5 0.5 50 25 300 0 1000 0.01 0.04 180
500000 10000 5000000 10000 0.5 0.5 1 1 300 0 1000 0.01 0 181
500000 10000 5000000 10000 0.5 0.5 1 1 300 0 1000 0.01 0.0033333333333333335 182
500000 10000 5000000 10000 0.5 0.5 1 1 300 0 1000 0.01 0.006666666666666667 183
500000 10000 5000000 10000 0.5 0.5 1 1 300 0 1000 0.01 0.03 184
500000 10000 5000000 10000 0.5 0.5 1 1 300 0 1000 0.01 0.04 185
500000 10000 5000000 10000 0.5 0.5 1 2 300 0 1000 0.01 0 186
500000 10000 5000000 10000 0.5 0.5 1 2 300 0 1000 0.01 0.0033333333333333335 187
500000 10000 5000000 10000 0.5 0.5 1 2 300 0 1000 0.01 0.006666666666666667 188
500000 10000 5000000 10000 0.5 0.5 1 2 300 0 1000 0.01 0.03 189
500000 10000 5000000 10000 0.5 0.5 1 2 300 0 1000 0.01 0.04 190
500000 10000 5000000 10000 0.5 0.5 2 1 300 0 1000 0.01 0 191
500000 10000 5000000 10000 0.5 0.5 2 1 300 0 1000 0.01 0.0033333333333333335 192
500000 10000 5000000 10000 0.5 0.5 2 1 300 0 1000 0.01 0.006666666666666667 193
500000 10000 5000000 10000 0.5 0.5 2 1 300 0 1000 0.01 0.03 194
500000 10000 5000000 10000 0.5 0.5 2 1 300 0 1000 0.01 0.04 195
500000 10000 5000000 10000 0.5 0.5 2 2 300 0 1000 0.01 0 196
500000 10000 5000000 10000 0.5 0.5 2 2 300 0 1000 0.01 0.0033333333333333335 197
500000 10000 5000000 10000 0.5 0.5 2 2 300 0 1000 0.01 0.006666666666666667 198
500000 10000 5000000 10000 0.5 0.5 2 2 300 0 1000 0.01 0.03 199
500000 10000 5000000 10000 0.5 0.5 2 2 300 0 1000 0.01 0.04 200
500000 10000 5000000 10000 0.5 0.5 1 10 300 0 1000 0.01 0 201
500000 10000 5000000 10000 0.5 0.5 1 10 300 0 1000 0.01 0.0033333333333333335 202
500000 10000 5000000 10000 0.5 0.5 1 10 300 0 1000 0.01 0.006666666666666667 203
500000 10000 5000000 10000 0.5 0.5 1 10 300 0 1000 0.01 0.03 204
500000 10000 5000000 10000 0.5 0.5 1 10 300 0 1000 0.01 0.04 205
500000 10000 5000000 10000 0.5 0.5 10 1 300 0 1000 0.01 0 206
500000 10000 5000000 10000 0.5 0.5 10 1 300 0 1000 0.01 0.0033333333333333335 207
500000 10000 5000000 10000 0.5 0.5 10 1 300 0 1000 0.01 0.006666666666666667 208
500000 10000 5000000 10000 0.5 0.5 10 1 300 0 1000 0.01 0.03 209
500000 10000 5000000 10000 0.5 0.5 10 1 300 0 1000 0.01 0.04 210
500000 10000 5000000 10000 0.5 0.5 12 6 300 0 1000 0.01 0 211
500000 10000 5000000 10000 0.5 0.5 12 6 300 0 1000 0.01 0.0033333333333333335 212
500000 10000 5000000 10000 0.5 0.5 12 6 300 0 1000 0.01 0.006666666666666667 213
500000 10000 5000000 10000 0.5 0.5 12 6 300 0 1000 0.01 0.03 214
500000 10000 5000000 10000 0.5 0.5 12 6 300 0 1000 0.01 0.04 215
500000 10000 5000000 10000 0.5 0.5 24 12 300 0 1000 0.01 0 216
500000 10000 5000000 10000 0.5 0.5 24 12 300 0 1000 0.01 0.0033333333333333335 217
500000 10000 5000000 10000 0.5 0.5 24 12 300 0 1000 0.01 0.006666666666666667 218
500000 10000 5000000 10000 0.5 0.5 24 12 300 0 1000 0.01 0.03 219
500000 10000 5000000 10000 0.5 0.5 24 12 300 0 1000 0.01 0.04 220
500000 10000 5000000 10000 0.5 0.5 50 25 300 0 1000 0.01 0 221
500000 10000 5000000 10000 0.5 0.5 50 25 300 0 1000 0.01 0.0033333333333333335 222
500000 10000 5000000 10000 0.5 0.5 50 25 300 0 1000 0.01 0.006666666666666667 223
500000 10000 5000000 10000 0.5 0.5 50 25 300 0 1000 0.01 0.03 224
500000 10000 5000000 10000 0.5 0.5 50 25 300 0 1000 0.01 0.04 225
500000 10000 5000000 100000 0.5 0.5 1 1 300 0 1000 0.01 0 226
500000 10000 5000000 100000 0.5 0.5 1 1 300 0 1000 0.01 0.0033333333333333335 227
500000 10000 5000000 100000 0.5 0.5 1 1 300 0 1000 0.01 0.006666666666666667 228
500000 10000 5000000 100000 0.5 0.5 1 1 300 0 1000 0.01 0.03 229
500000 10000 5000000 100000 0.5 0.5 1 1 300 0 1000 0.01 0.04 230
500000 10000 5000000 100000 0.5 0.5 1 2 300 0 1000 0.01 0 231
500000 10000 5000000 100000 0.5 0.5 1 2 300 0 1000 0.01 0.0033333333333333335 232
500000 10000 5000000 100000 0.5 0.5 1 2 300 0 1000 0.01 0.006666666666666667 233
500000 10000 5000000 100000 0.5 0.5 1 2 300 0 1000 0.01 0.03 234
500000 10000 5000000 100000 0.5 0.5 1 2 300 0 1000 0.01 0.04 235
500000 10000 5000000 100000 0.5 0.5 2 1 300 0 1000 0.01 0 236
500000 10000 5000000 100000 0.5 0.5 2 1 300 0 1000 0.01 0.0033333333333333335 237
500000 10000 5000000 100000 0.5 0.5 2 1 300 0 1000 0.01 0.006666666666666667 238
500000 10000 5000000 100000 0.5 0.5 2 1 300 0 1000 0.01 0.03 239
500000 10000 5000000 100000 0.5 0.5 2 1 300 0 1000 0.01 0.04 240
500000 10000 5000000 100000 0.5 0.5 2 2 300 0 1000 0.01 0 241
500000 10000 5000000 100000 0.5 0.5 2 2 300 0 1000 0.01 0.0033333333333333335 242
500000 10000 5000000 100000 0.5 0.5 2 2 300 0 1000 0.01 0.006666666666666667 243
500000 10000 5000000 100000 0.5 0.5 2 2 300 0 1000 0.01 0.03 244
500000 10000 5000000 100000 0.5 0.5 2 2 300 0 1000 0.01 0.04 245
500000 10000 5000000 100000 0.5 0.5 1 10 300 0 1000 0.01 0 246
500000 10000 5000000 100000 0.5 0.5 1 10 300 0 1000 0.01 0.0033333333333333335 247
500000 10000 5000000 100000 0.5 0.5 1 10 300 0 1000 0.01 0.006666666666666667 248
500000 10000 5000000 100000 0.5 0.5 1 10 300 0 1000 0.01 0.03 249
500000 10000 5000000 100000 0.5 0.5 1 10 300 0 1000 0.01 0.04 250
500000 10000 5000000 100000 0.5 0.5 10 1 300 0 1000 0.01 0 251
500000 10000 5000000 100000 0.5 0.5 10 1 300 0 1000 0.01 0.0033333333333333335 252
500000 10000 5000000 100000 0.5 0.5 10 1 300 0 1000 0.01 0.006666666666666667 253
500000 10000 5000000 100000 0.5 0.5 10 1 300 0 1000 0.01 0.03 254
500000 10000 5000000 100000 0.5 0.5 10 1 300 0 1000 0.01 0.04 255
500000 10000 5000000 100000 0.5 0.5 12 6 300 0 1000 0.01 0 256
500000 10000 5000000 100000 0.5 0.5 12 6 300 0 1000 0.01 0.0033333333333333335 257
500000 10000 5000000 100000 0.5 0.5 12 6 300 0 1000 0.01 0.006666666666666667 258
500000 10000 5000000 100000 0.5 0.5 12 6 300 0 1000 0.01 0.03 259
500000 10000 5000000 100000 0.5 0.5 12 6 300 0 1000 0.01 0.04 260
500000 10000 5000000 100000 0.5 0.5 24 12 300 0 1000 0.01 0 261
500000 10000 5000000 100000 0.5 0.5 24 12 300 0 1000 0.01 0.0033333333333333335 262
500000 10000 5000000 100000 0.5 0.5 24 12 300 0 1000 0.01 0.006666666666666667 263
500000 10000 5000000 100000 0.5 0.5 24 12 300 0 1000 0.01 0.03 264
500000 10000 5000000 100000 0.5 0.5 24 12 300 0 1000 0.01 0.04 265
500000 10000 5000000 100000 0.5 0.5 50 25 300 0 1000 0.01 0 266
500000 10000 5000000 100000 0.5 0.5 50 25 300 0 1000 0.01 0.0033333333333333335 267
500000 10000 5000000 100000 0.5 0.5 50 25 300 0 1000 0.01 0.006666666666666667 268
500000 10000 5000000 100000 0.5 0.5 50 25 300 0 1000 0.01 0.03 269
500000 10000 5000000 100000 0.5 0.5 50 25 300 0 1000 0.01 0.04 270
500000 10000 5000000 10000000 0.5 0.5 1 1 300 0 1000 0.01 0 271
500000 10000 5000000 10000000 0.5 0.5 1 1 300 0 1000 0.01 0.0033333333333333335 272
500000 10000 5000000 10000000 0.5 0.5 1 1 300 0 1000 0.01 0.006666666666666667 273
500000 10000 5000000 10000000 0.5 0.5 1 1 300 0 1000 0.01 0.03 274
500000 10000 5000000 10000000 0.5 0.5 1 1 300 0 1000 0.01 0.04 275
500000 10000 5000000 10000000 0.5 0.5 1 2 300 0 1000 0.01 0 276
500000 10000 5000000 10000000 0.5 0.5 1 2 300 0 1000 0.01 0.0033333333333333335 277
500000 10000 5000000 10000000 0.5 0.5 1 2 300 0 1000 0.01 0.006666666666666667 278
500000 10000 5000000 10000000 0.5 0.5 1 2 300 0 1000 0.01 0.03 279
500000 10000 5000000 10000000 0.5 0.5 1 2 300 0 1000 0.01 0.04 280
500000 10000 5000000 10000000 0.5 0.5 2 1 300 0 1000 0.01 0 281
500000 10000 5000000 10000000 0.5 0.5 2 1 300 0 1000 0.01 0.0033333333333333335 282
500000 10000 5000000 10000000 0.5 0.5 2 1 300 0 1000 0.01 0.006666666666666667 283
500000 10000 5000000 10000000 0.5 0.5 2 1 300 0 1000 0.01 0.03 284
500000 10000 5000000 10000000 0.5 0.5 2 1 300 0 1000 0.01 0.04 285
500000 10000 5000000 10000000 0.5 0.5 2 2 300 0 1000 0.01 0 286
500000 10000 5000000 10000000 0.5 0.5 2 2 300 0 1000 0.01 0.0033333333333333335 287
500000 10000 5000000 10000000 0.5 0.5 2 2 300 0 1000 0.01 0.006666666666666667 288
500000 10000 5000000 10000000 0.5 0.5 2 2 300 0 1000 0.01 0.03 289
500000 10000 5000000 10000000 0.5 0.5 2 2 300 0 1000 0.01 0.04 290
500000 10000 5000000 10000000 0.5 0.5 1 10 300 0 1000 0.01 0 291
500000 10000 5000000 10000000 0.5 0.5 1 10 300 0 1000 0.01 0.0033333333333333335 292
500000 10000 5000000 10000000 0.5 0.5 1 10 300 0 1000 0.01 0.006666666666666667 293
500000 10000 5000000 10000000 0.5 0.5 1 10 300 0 1000 0.01 0.03 294
500000 10000 5000000 10000000 0.5 0.5 1 10 300 0 1000 0.01 0.04 295
500000 10000 5000000 10000000 0.5 0.5 10 1 300 0 1000 0.01 0 296
500000 10000 5000000 10000000 0.5 0.5 10 1 300 0 1000 0.01 0.0033333333333333335 297
500000 10000 5000000 10000000 0.5 0.5 10 1 300 0 1000 0.01 0.006666666666666667 298
500000 10000 5000000 10000000 0.5 0.5 10 1 300 0 1000 0.01 0.03 299
500000 10000 5000000 10000000 0.5 0.5 10 1 300 0 1000 0.01 0.04 300
500000 10000 5000000 10000000 0.5 0.5 12 6 300 0 1000 0.01 0 301
500000 10000 5000000 10000000 0.5 0.5 12 6 300 0 1000 0.01 0.0033333333333333335 302
500000 10000 5000000 10000000 0.5 0.5 12 6 300 0 1000 0.01 0.006666666666666667 303
500000 10000 5000000 10000000 0.5 0.5 12 6 300 0 1000 0.01 0.03 304
500000 10000 5000000 10000000 0.5 0.5 12 6 300 0 1000 0.01 0.04 305
500000 10000 5000000 10000000 0.5 0.5 24 12 300 0 1000 0.01 0 306
500000 10000 5000000 10000000 0.5 0.5 24 12 300 0 1000 0.01 0.0033333333333333335 307
500000 10000 5000000 10000000 0.5 0.5 24 12 300 0 1000 0.01 0.006666666666666667 308
500000 10000 5000000 10000000 0.5 0.5 24 12 300 0 1000 0.01 0.03 309
500000 10000 5000000 10000000 0.5 0.5 24 12 300 0 1000 0.01 0.04 310
500000 10000 5000000 10000000 0.5 0.5 50 25 300 0 1000 0.01 0 311
500000 10000 5000000 10000000 0.5 0.5 50 25 300 0 1000 0.01 0.0033333333333333335 312
500000 10000 5000000 10000000 0.5 0.5 50 25 300 0 1000 0.01 0.006666666666666667 313
500000 10000 5000000 10000000 0.5 0.5 50 25 300 0 1000 0.01 0.03 314
500000 10000 5000000 10000000 0.5 0.5 50 25 300 0 1000 0.01 0.04 315
500000 10000 5000000 100000000 0.5 0.5 1 1 300 0 1000 0.01 0 316
500000 10000 5000000 100000000 0.5 0.5 1 1 300 0 1000 0.01 0.0033333333333333335 317
500000 10000 5000000 100000000 0.5 0.5 1 1 300 0 1000 0.01 0.006666666666666667 318
500000 10000 5000000 100000000 0.5 0.5 1 1 300 0 1000 0.01 0.03 319
500000 10000 5000000 100000000 0.5 0.5 1 1 300 0 1000 0.01 0.04 320
500000 10000 5000000 100000000 0.5 0.5 1 2 300 0 1000 0.01 0 321
500000 10000 5000000 100000000 0.5 0.5 1 2 300 0 1000 0.01 0.0033333333333333335 322
500000 10000 5000000 100000000 0.5 0.5 1 2 300 0 1000 0.01 0.006666666666666667 323
500000 10000 5000000 100000000 0.5 0.5 1 2 300 0 1000 0.01 0.03 324
500000 10000 5000000 100000000 0.5 0.5 1 2 300 0 1000 0.01 0.04 325
500000 10000 5000000 100000000 0.5 0.5 2 1 300 0 1000 0.01 0 326
500000 10000 5000000 100000000 0.5 0.5 2 1 300 0 1000 0.01 0.0033333333333333335 327
500000 10000 5000000 100000000 0.5 0.5 2 1 300 0 1000 0.01 0.006666666666666667 328
500000 10000 5000000 100000000 0.5 0.5 2 1 300 0 1000 0.01 0.03 329
500000 10000 5000000 100000000 0.5 0.5 2 1 300 0 1000 0.01 0.04 330
500000 10000 5000000 100000000 0.5 0.5 2 2 300 0 1000 0.01 0 331
500000 10000 5000000 100000000 0.5 0.5 2 2 300 0 1000 0.01 0.0033333333333333335 332
500000 10000 5000000 100000000 0.5 0.5 2 2 300 0 1000 0.01 0.006666666666666667 333
500000 10000 5000000 100000000 0.5 0.5 2 2 300 0 1000 0.01 0.03 334
500000 10000 5000000 100000000 0.5 0.5 2 2 300 0 1000 0.01 0.04 335
500000 10000 5000000 100000000 0.5 0.5 1 10 300 0 1000 0.01 0 336
500000 10000 5000000 100000000 0.5 0.5 1 10 300 0 1000 0.01 0.0033333333333333335 337
500000 10000 5000000 100000000 0.5 0.5 1 10 300 0 1000 0.01 0.006666666666666667 338
500000 10000 5000000 100000000 0.5 0.5 1 10 300 0 1000 0.01 0.03 339
500000 10000 5000000 100000000 0.5 0.5 1 10 300 0 1000 0.01 0.04 340
500000 10000 5000000 100000000 0.5 0.5 10 1 300 0 1000 0.01 0 341
500000 10000 5000000 100000000 0.5 0.5 10 1 300 0 1000 0.01 0.0033333333333333335 342
500000 10000 5000000 100000000 0.5 0.5 10 1 300 0 1000 0.01 0.006666666666666667 343
500000 10000 5000000 100000000 0.5 0.5 10 1 300 0 1000 0.01 0.03 344
500000 10000 5000000 100000000 0.5 0.5 10 1 300 0 1000 0.01 0.04 345
500000 10000 5000000 100000000 0.5 0.5 12 6 300 0 1000 0.01 0 346
500000 10000 5000000 100000000 0.5 0.5 12 6 300 0 1000 0.01 0.0033333333333333335 347
500000 10000 5000000 100000000 0.5 0.5 12 6 300 0 1000 0.01 0.006666666666666667 348
500000 10000 5000000 100000000 0.5 0.5 12 6 300 0 1000 0.01 0.03 349
500000 10000 5000000 100000000 0.5 0.5 12 6 300 0 1000 0.01 0.04 350
500000 10000 5000000 100000000 0.5 0.5 24 12 300 0 1000 0.01 0 351
500000 10000 5000000 100000000 0.5 0.5 24 12 300 0 1000 0.01 0.0033333333333333335 352
500000 10000 5000000 100000000 0.5 0.5 24 12 300 0 1000 0.01 0.006666666666666667 353
500000 10000 5000000 100000000 0.5 0.5 24 12 300 0 1000 0.01 0.03 354
500000 10000 5000000 100000000 0.5 0.5 24 12 300 0 1000 0.01 0.04 355
500000 10000 5000000 100000000 0.5 0.5 50 25 300 0 1000 0.01 0 356
500000 10000 5000000 100000000 0.5 0.5 50 25 300 0 1000 0.01 0.0033333333333333335 357
500000 10000 5000000 100000000 0.5 0.5 50 25 300 0 1000 0.01 0.006666666666666667 358
500000 10000 5000000 100000000 0.5 0.5 50 25 300 0 1000 0.01 0.03 359
500000 10000 5000000 100000000 0.5 0.5 50 25 300 0 1000 0.01 0.04 360
500000 2000 5000000 10000 0.5 0.5 1 1 300 0 1000 0.01 0 361
500000 2000 5000000 10000 0.5 0.5 1 1 300 0 1000 0.01 0.0033333333333333335 362
500000 2000 5000000 10000 0.5 0.5 1 1 300 0 1000 0.01 0.006666666666666667 363
500000 2000 5000000 10000 0.5 0.5 1 1 300 0 1000 0.01 0.03 364
500000 2000 5000000 10000 0.5 0.5 1 1 300 0 1000 0.01 0.04 365
500000 2000 5000000 10000 0.5 0.5 1 2 300 0 1000 0.01 0 366
500000 2000 5000000 10000 0.5 0.5 1 2 300 0 1000 0.01 0.0033333333333333335 367
500000 2000 5000000 10000 0.5 0.5 1 2 300 0 1000 0.01 0.006666666666666667 368
500000 2000 5000000 10000 0.5 0.5 1 2 300 0 1000 0.01 0.03 369
500000 2000 5000000 10000 0.5 0.5 1 2 300 0 1000 0.01 0.04 370
500000 2000 5000000 10000 0.5 0.5 2 1 300 0 1000 0.01 0 371
500000 2000 5000000 10000 0.5 0.5 2 1 300 0 1000 0.01 0.0033333333333333335 372
500000 2000 5000000 10000 0.5 0.5 2 1 300 0 1000 0.01 0.006666666666666667 373
500000 2000 5000000 10000 0.5 0.5 2 1 300 0 1000 0.01 0.03 374
500000 2000 5000000 10000 0.5 0.5 2 1 300 0 1000 0.01 0.04 375
500000 2000 5000000 10000 0.5 0.5 2 2 300 0 1000 0.01 0 376
500000 2000 5000000 10000 0.5 0.5 2 2 300 0 1000 0.01 0.0033333333333333335 377
500000 2000 5000000 10000 0.5 0.5 2 2 300 0 1000 0.01 0.006666666666666667 378
500000 2000 5000000 10000 0.5 0.5 2 2 300 0 1000 0.01 0.03 379
500000 2000 5000000 10000 0.5 0.5 2 2 300 0 1000 0.01 0.04 380
500000 2000 5000000 10000 0.5 0.5 1 10 300 0 1000 0.01 0 381
500000 2000 5000000 10000 0.5 0.5 1 10 300 0 1000 0.01 0.0033333333333333335 382
500000 2000 5000000 10000 0.5 0.5 1 10 300 0 1000 0.01 0.006666666666666667 383
500000 2000 5000000 10000 0.5 0.5 1 10 300 0 1000 0.01 0.03 384
500000 2000 5000000 10000 0.5 0.5 1 10 300 0 1000 0.01 0.04 385
500000 2000 5000000 10000 0.5 0.5 10 1 300 0 1000 0.01 0 386
500000 2000 5000000 10000 0.5 0.5 10 1 300 0 1000 0.01 0.0033333333333333335 387
500000 2000 5000000 10000 0.5 0.5 10 1 300 0 1000 0.01 0.006666666666666667 388
500000 2000 5000000 10000 0.5 0.5 10 1 300 0 1000 0.01 0.03 389
500000 2000 5000000 10000 0.5 0.5 10 1 300 0 1000 0.01 0.04 390
500000 2000 5000000 10000 0.5 0.5 12 6 300 0 1000 0.01 0 391
500000 2000 5000000 10000 0.5 0.5 12 6 300 0 1000 0.01 0.0033333333333333335 392
500000 2000 5000000 10000 0.5 0.5 12 6 300 0 1000 0.01 0.006666666666666667 393
500000 2000 5000000 10000 0.5 0.5 12 6 300 0 1000 0.01 0.03 394
500000 2000 5000000 10000 0.5 0.5 12 6 300 0 1000 0.01 0.04 395
500000 2000 5000000 10000 0.5 0.5 24 12 300 0 1000 0.01 0 396
500000 2000 5000000 10000 0.5 0.5 24 12 300 0 1000 0.01 0.0033333333333333335 397
500000 2000 5000000 10000 0.5 0.5 24 12 300 0 1000 0.01 0.006666666666666667 398
500000 2000 5000000 10000 0.5 0.5 24 12 300 0 1000 0.01 0.03 399
500000 2000 5000000 10000 0.5 0.5 24 12 300 0 1000 0.01 0.04 400
500000 2000 5000000 10000 0.5 0.5 50 25 300 0 1000 0.01 0 401
500000 2000 5000000 10000 0.5 0.5 50 25 300 0 1000 0.01 0.0033333333333333335 402
500000 2000 5000000 10000 0.5 0.5 50 25 300 0 1000 0.01 0.006666666666666667 403
500000 2000 5000000 10000 0.5 0.5 50 25 300 0 1000 0.01 0.03 404
500000 2000 5000000 10000 0.5 0.5 50 25 300 0 1000 0.01 0.04 405
500000 2000 5000000 100000 0.5 0.5 1 1 300 0 1000 0.01 0 406
500000 2000 5000000 100000 0.5 0.5 1 1 300 0 1000 0.01 0.0033333333333333335 407
500000 2000 5000000 100000 0.5 0.5 1 1 300 0 1000 0.01 0.006666666666666667 408
500000 2000 5000000 100000 0.5 0.5 1 1 300 0 1000 0.01 0.03 409
500000 2000 5000000 100000 0.5 0.5 1 1 300 0 1000 0.01 0.04 410
500000 2000 5000000 100000 0.5 0.5 1 2 300 0 1000 0.01 0 411
500000 2000 5000000 100000 0.5 0.5 1 2 300 0 1000 0.01 0.0033333333333333335 412
500000 2000 5000000 100000 0.5 0.5 1 2 300 0 1000 0.01 0.006666666666666667 413
500000 2000 5000000 100000 0.5 0.5 1 2 300 0 1000 0.01 0.03 414
500000 2000 5000000 100000 0.5 0.5 1 2 300 0 1000 0.01 0.04 415
500000 2000 5000000 100000 0.5 0.5 2 1 300 0 1000 0.01 0 416
500000 2000 5000000 100000 0.5 0.5 2 1 300 0 1000 0.01 0.0033333333333333335 417
500000 2000 5000000 100000 0.5 0.5 2 1 300 0 1000 0.01 0.006666666666666667 418
500000 2000 5000000 100000 0.5 0.5 2 1 300 0 1000 0.01 0.03 419
500000 2000 5000000 100000 0.5 0.5 2 1 300 0 1000 0.01 0.04 420
500000 2000 5000000 100000 0.5 0.5 2 2 300 0 1000 0.01 0 421
500000 2000 5000000 100000 0.5 0.5 2 2 300 0 1000 0.01 0.0033333333333333335 422
500000 2000 5000000 100000 0.5 0.5 2 2 300 0 1000 0.01 0.006666666666666667 423
500000 2000 5000000 100000 0.5 0.5 2 2 300 0 1000 0.01 0.03 424
500000 2000 5000000 100000 0.5 0.5 2 2 300 0 1000 0.01 0.04 425
500000 2000 5000000 100000 0.5 0.5 1 10 300 0 1000 0.01 0 426
500000 2000 5000000 100000 0.5 0.5 1 10 300 0 1000 0.01 0.0033333333333333335 427
500000 2000 5000000 100000 0.5 0.5 1 10 300 0 1000 0.01 0.006666666666666667 428
500000 2000 5000000 100000 0.5 0.5 1 10 300 0 1000 0.01 0.03 429
500000 2000 5000000 100000 0.5 0.5 1 10 300 0 1000 0.01 0.04 430
500000 2000 5000000 100000 0.5 0.5 10 1 300 0 1000 0.01 0 431
500000 2000 5000000 100000 0.5 0.5 10 1 300 0 1000 0.01 0.0033333333333333335 432
500000 2000 5000000 100000 0.5 0.5 10 1 300 0 1000 0.01 0.006666666666666667 433
500000 2000 5000000 100000 0.5 0.5 10 1 300 0 1000 0.01 0.03 434
500000 2000 5000000 100000 0.5 0.5 10 1 300 0 1000 0.01 0.04 435
500000 2000 5000000 100000 0.5 0.5 12 6 300 0 1000 0.01 0 436
500000 2000 5000000 100000 0.5 0.5 12 6 300 0 1000 0.01 0.0033333333333333335 437
500000 2000 5000000 100000 0.5 0.5 12 6 300 0 1000 0.01 0.006666666666666667 438
500000 2000 5000000 100000 0.5 0.5 12 6 300 0 1000 0.01 0.03 439
500000 2000 5000000 100000 0.5 0.5 12 6 300 0 1000 0.01 0.04 440
500000 2000 5000000 100000 0.5 0.5 24 12 300 0 1000 0.01 0 441
500000 2000 5000000 100000 0.5 0.5 24 12 300 0 1000 0.01 0.0033333333333333335 442
500000 2000 5000000 100000 0.5 0.5 24 12 300 0 1000 0.01 0.006666666666666667 443
500000 2000 5000000 100000 0.5 0.5 24 12 300 0 1000 0.01 0.03 444
500000 2000 5000000 100000 0.5 0.5 24 12 300 0 1000 0.01 0.04 445
500000 2000 5000000 100000 0.5 0.5 50 25 300 0 1000 0.01 0 446
500000 2000 5000000 100000 0.5 0.5 50 25 300 0 1000 0.01 0.0033333333333333335 447
500000 2000 5000000 100000 0.5 0.5 50 25 300 0 1000 0.01 0.006666666666666667 448
500000 2000 5000000 100000 0.5 0.5 50 25 300 0 1000 0.01 0.03 449
500000 2000 5000000 100000 0.5 0.5 50 25 300 0 1000 0.01 0.04 450
500000 2000 5000000 10000000 0.5 0.5 1 1 300 0 1000 0.01 0 451
500000 2000 5000000 10000000 0.5 0.5 1 1 300 0 1000 0.01 0.0033333333333333335 452
500000 2000 5000000 10000000 0.5 0.5 1 1 300 0 1000 0.01 0.006666666666666667 453
500000 2000 5000000 10000000 0.5 0.5 1 1 300 0 1000 0.01 0.03 454
500000 2000 5000000 10000000 0.5 0.5 1 1 300 0 1000 0.01 0.04 455
500000 2000 5000000 10000000 0.5 0.5 1 2 300 0 1000 0.01 0 456
500000 2000 5000000 10000000 0.5 0.5 1 2 300 0 1000 0.01 0.0033333333333333335 457
500000 2000 5000000 10000000 0.5 0.5 1 2 300 0 1000 0.01 0.006666666666666667 458
500000 2000 5000000 10000000 0.5 0.5 1 2 300 0 1000 0.01 0.03 459
500000 2000 5000000 10000000 0.5 0.5 1 2 300 0 1000 0.01 0.04 460
500000 2000 5000000 10000000 0.5 0.5 2 1 300 0 1000 0.01 0 461
500000 2000 5000000 10000000 0.5 0.5 2 1 300 0 1000 0.01 0.0033333333333333335 462
500000 2000 5000000 10000000 0.5 0.5 2 1 300 0 1000 0.01 0.006666666666666667 463
500000 2000 5000000 10000000 0.5 0.5 2 1 300 0 1000 0.01 0.03 464
500000 2000 5000000 10000000 0.5 0.5 2 1 300 0 1000 0.01 0.04 465
500000 2000 5000000 10000000 0.5 0.5 2 2 300 0 1000 0.01 0 466
500000 2000 5000000 10000000 0.5 0.5 2 2 300 0 1000 0.01 0.0033333333333333335 467
500000 2000 5000000 10000000 0.5 0.5 2 2 300 0 1000 0.01 0.006666666666666667 468
500000 2000 5000000 10000000 0.5 0.5 2 2 300 0 1000 0.01 0.03 469
500000 2000 5000000 10000000 0.5 0.5 2 2 300 0 1000 0.01 0.04 470
500000 2000 5000000 10000000 0.5 0.5 1 10 300 0 1000 0.01 0 471
500000 2000 5000000 10000000 0.5 0.5 1 10 300 0 1000 0.01 0.0033333333333333335 472
500000 2000 5000000 10000000 0.5 0.5 1 10 300 0 1000 0.01 0.006666666666666667 473
500000 2000 5000000 10000000 0.5 0.5 1 10 300 0 1000 0.01 0.03 474
500000 2000 5000000 10000000 0.5 0.5 1 10 300 0 1000 0.01 0.04 475
500000 2000 5000000 10000000 0.5 0.5 10 1 300 0 1000 0.01 0 476
500000 2000 5000000 10000000 0.5 0.5 10 1 300 0 1000 0.01 0.0033333333333333335 477
500000 2000 5000000 10000000 0.5 0.5 10 1 300 0 1000 0.01 0.006666666666666667 478
500000 2000 5000000 10000000 0.5 0.5 10 1 300 0 1000 0.01 0.03 479
500000 2000 5000000 10000000 0.5 0.5 10 1 300 0 1000 0.01 0.04 480
500000 2000 5000000 10000000 0.5 0.5 12 6 300 0 1000 0.01 0 481
500000 2000 5000000 10000000 0.5 0.5 12 6 300 0 1000 0.01 0.0033333333333333335 482
500000 2000 5000000 10000000 0.5 0.5 12 6 300 0 1000 0.01 0.006666666666666667 483
500000 2000 5000000 10000000 0.5 0.5 12 6 300 0 1000 0.01 0.03 484
500000 2000 5000000 10000000 0.5 0.5 12 6 300 0 1000 0.01 0.04 485
500000 2000 5000000 10000000 0.5 0.5 24 12 300 0 1000 0.01 0 486
500000 2000 5000000 10000000 0.5 0.5 24 12 300 0 1000 0.01 0.0033333333333333335 487
500000 2000 5000000 10000000 0.5 0.5 24 12 300 0 1000 0.01 0.006666666666666667 488
500000 2000 5000000 10000000 0.5 0.5 24 12 300 0 1000 0.01 0.03 489
500000 2000 5000000 10000000 0.5 0.5 24 12 300 0 1000 0.01 0.04 490
500000 2000 5000000 10000000 0.5 0.5 50 25 300 0 1000 0.01 0 491
500000 2000 5000000 10000000 0.5 0.5 50 25 300 0 1000 0.01 0.0033333333333333335 492
500000 2000 5000000 10000000 0.5 0.5 50 25 300 0 1000 0.01 0.006666666666666667 493
500000 2000 5000000 10000000 0.5 0.5 50 25 300 0 1000 0.01 0.03 494
500000 2000 5000000 10000000 0.5 0.5 50 25 300 0 1000 0.01 0.04 495
500000 2000 5000000 100000000 0.5 0.5 1 1 300 0 1000 0.01 0 496
500000 2000 5000000 100000000 0.5 0.5 1 1 300 0 1000 0.01 0.0033333333333333335 497
500000 2000 5000000 100000000 0.5 0.5 1 1 300 0 1000 0.01 0.006666666666666667 498
500000 2000 5000000 100000000 0.5 0.5 1 1 300 0 1000 0.01 0.03 499
500000 2000 5000000 100000000 0.5 0.5 1 1 300 0 1000 0.01 0.04 500
500000 2000 5000000 100000000 0.5 0.5 1 2 300 0 1000 0.01 0 501
500000 2000 5000000 100000000 0.5 0.5 1 2 300 0 1000 0.01 0.0033333333333333335 502
500000 2000 5000000 100000000 0.5 0.5 1 2 300 0 1000 0.01 0.006666666666666667 503
500000 2000 5000000 100000000 0.5 0.5 1 2 300 0 1000 0.01 0.03 504
500000 2000 5000000 100000000 0.5 0.5 1 2 300 0 1000 0.01 0.04 505
500000 2000 5000000 100000000 0.5 0.5 2 1 300 0 1000 0.01 0 506
500000 2000 5000000 100000000 0.5 0.5 2 1 300 0 1000 0.01 0.0033333333333333335 507
500000 2000 5000000 100000000 0.5 0.5 2 1 300 0 1000 0.01 0.006666666666666667 508
500000 2000 5000000 100000000 0.5 0.5 2 1 300 0 1000 0.01 0.03 509
500000 2000 5000000 100000000 0.5 0.5 2 1 300 0 1000 0.01 0.04 510
500000 2000 5000000 100000000 0.5 0.5 2 2 300 0 1000 0.01 0 511
500000 2000 5000000 100000000 0.5 0.5 2 2 300 0 1000 0.01 0.0033333333333333335 512
500000 2000 5000000 100000000 0.5 0.5 2 2 300 0 1000 0.01 0.006666666666666667 513
500000 2000 5000000 100000000 0.5 0.5 2 2 300 0 1000 0.01 0.03 514
500000 2000 5000000 100000000 0.5 0.5 2 2 300 0 1000 0.01 0.04 515
500000 2000 5000000 100000000 0.5 0.5 1 10 300 0 1000 0.01 0 516
500000 2000 5000000 100000000 0.5 0.5 1 10 300 0 1000 0.01 0.0033333333333333335 517
500000 2000 5000000 100000000 0.5 0.5 1 10 300 0 1000 0.01 0.006666666666666667 518
500000 2000 5000000 100000000 0.5 0.5 1 10 300 0 1000 0.01 0.03 519
500000 2000 5000000 100000000 0.5 0.5 1 10 300 0 1000 0.01 0.04 520
500000 2000 5000000 100000000 0.5 0.5 10 1 300 0 1000 0.01 0 521
500000 2000 5000000 100000000 0.5 0.5 10 1 300 0 1000 0.01 0.0033333333333333335 522
500000 2000 5000000 100000000 0.5 0.5 10 1 300 0 1000 0.01 0.006666666666666667 523
500000 2000 5000000 100000000 0.5 0.5 10 1 300 0 1000 0.01 0.03 524
500000 2000 5000000 100000000 0.5 0.5 10 1 300 0 1000 0.01 0.04 525
500000 2000 5000000 100000000 0.5 0.5 12 6 300 0 1000 0.01 0 526
500000 2000 5000000 100000000 0.5 0.5 12 6 300 0 1000 0.01 0.0033333333333333335 527
500000 2000 5000000 100000000 0.5 0.5 12 6 300 0 1000 0.01 0.006666666666666667 528
500000 2000 5000000 100000000 0.5 0.5 12 6 300 0 1000 0.01 0.03 529
500000 2000 5000000 100000000 0.5 0.5 12 6 300 0 1000 0.01 0.04 530
500000 2000 5000000 100000000 0.5 0.5 24 12 300 0 1000 0.01 0 531
500000 2000 5000000 100000000 0.5 0.5 24 12 300 0 1000 0.01 0.0033333333333333335 532
500000 2000 5000000 100000000 0.5 0.5 24 12 300 0 1000 0.01 0.006666666666666667 533
500000 2000 5000000 100000000 0.5 0.5 24 12 300 0 1000 0.01 0.03 534
500000 2000 5000000 100000000 0.5 0.5 24 12 300 0 1000 0.01 0.04 535
500000 2000 5000000 100000000 0.5 0.5 50 25 300 0 1000 0.01 0 536
500000 2000 5000000 100000000 0.5 0.5 50 25 300 0 1000 0.01 0.0033333333333333335 537
500000 2000 5000000 100000000 0.5 0.5 50 25 300 0 1000 0.01 0.006666666666666667 538
500000 2000 5000000 100000000 0.5 0.5 50 25 300 0 1000 0.01 0.03 539
500000 2000 5000000 100000000 0.5 0.5 50 25 300 0 1000 0.01 0.04 540
500000 400 5000000 10000 0.5 0.5 1 1 300 0 1000 0.01 0 541
500000 400 5000000 10000 0.5 0.5 1 1 300 0 1000 0.01 0.0033333333333333335 542
500000 400 5000000 10000 0.5 0.5 1 1 300 0 1000 0.01 0.006666666666666667 543
500000 400 5000000 10000 0.5 0.5 1 1 300 0 1000 0.01 0.03 544
500000 400 5000000 10000 0.5 0.5 1 1 300 0 1000 0.01 0.04 545
500000 400 5000000 10000 0.5 0.5 1 2 300 0 1000 0.01 0 546
500000 400 5000000 10000 0.5 0.5 1 2 300 0 1000 0.01 0.0033333333333333335 547
500000 400 5000000 10000 0.5 0.5 1 2 300 0 1000 0.01 0.006666666666666667 548
500000 400 5000000 10000 0.5 0.5 1 2 300 0 1000 0.01 0.03 549
500000 400 5000000 10000 0.5 0.5 1 2 300 0 1000 0.01 0.04 550
500000 400 5000000 10000 0.5 0.5 2 1 300 0 1000 0.01 0 551
500000 400 5000000 10000 0.5 0.5 2 1 300 0 1000 0.01 0.0033333333333333335 552
500000 400 5000000 10000 0.5 0.5 2 1 300 0 1000 0.01 0.006666666666666667 553
500000 400 5000000 10000 0.5 0.5 2 1 300 0 1000 0.01 0.03 554
500000 400 5000000 10000 0.5 0.5 2 1 300 0 1000 0.01 0.04 555
500000 400 5000000 10000 0.5 0.5 2 2 300 0 1000 0.01 0 556
500000 400 5000000 10000 0.5 0.5 2 2 300 0 1000 0.01 0.0033333333333333335 557
500000 400 5000000 10000 0.5 0.5 2 2 300 0 1000 0.01 0.006666666666666667 558
500000 400 5000000 10000 0.5 0.5 2 2 300 0 1000 0.01 0.03 559
500000 400 5000000 10000 0.5 0.5 2 2 300 0 1000 0.01 0.04 560
500000 400 5000000 10000 0.5 0.5 1 10 300 0 1000 0.01 0 561
500000 400 5000000 10000 0.5 0.5 1 10 300 0 1000 0.01 0.0033333333333333335 562
500000 400 5000000 10000 0.5 0.5 1 10 300 0 1000 0.01 0.006666666666666667 563
500000 400 5000000 10000 0.5 0.5 1 10 300 0 1000 0.01 0.03 564
500000 400 5000000 10000 0.5 0.5 1 10 300 0 1000 0.01 0.04 565
500000 400 5000000 10000 0.5 0.5 10 1 300 0 1000 0.01 0 566
500000 400 5000000 10000 0.5 0.5 10 1 300 0 1000 0.01 0.0033333333333333335 567
500000 400 5000000 10000 0.5 0.5 10 1 300 0 1000 0.01 0.006666666666666667 568
500000 400 5000000 10000 0.5 0.5 10 1 300 0 1000 0.01 0.03 569
500000 400 5000000 10000 0.5 0.5 10 1 300 0 1000 0.01 0.04 570
500000 400 5000000 10000 0.5 0.5 12 6 300 0 1000 0.01 0 571
500000 400 5000000 10000 0.5 0.5 12 6 300 0 1000 0.01 0.0033333333333333335 572
500000 400 5000000 10000 0.5 0.5 12 6 300 0 1000 0.01 0.006666666666666667 573
500000 400 5000000 10000 0.5 0.5 12 6 300 0 1000 0.01 0.03 574
500000 400 5000000 10000 0.5 0.5 12 6 300 0 1000 0.01 0.04 575
500000 400 5000000 10000 0.5 0.5 24 12 300 0 1000 0.01 0 576
500000 400 5000000 10000 0.5 0.5 24 12 300 0 1000 0.01 0.0033333333333333335 577
500000 400 5000000 10000 0.5 0.5 24 12 300 0 1000 0.01 0.006666666666666667 578
500000 400 5000000 10000 0.5 0.5 24 12 300 0 1000 0.01 0.03 579
500000 400 5000000 10000 0.5 0.5 24 12 300 0 1000 0.01 0.04 580
500000 400 5000000 10000 0.5 0.5 50 25 300 0 1000 0.01 0 581
500000 400 5000000 10000 0.5 0.5 50 25 300 0 1000 0.01 0.0033333333333333335 582
500000 400 5000000 10000 0.5 0.5 50 25 300 0 1000 0.01 0.006666666666666667 583
500000 400 5000000 10000 0.5 0.5 50 25 300 0 1000 0.01 0.03 584
500000 400 5000000 10000 0.5 0.5 50 25 300 0 1000 0.01 0.04 585
500000 400 5000000 100000 0.5 0.5 1 1 300 0 1000 0.01 0 586
500000 400 5000000 100000 0.5 0.5 1 1 300 0 1000 0.01 0.0033333333333333335 587
500000 400 5000000 100000 0.5 0.5 1 1 300 0 1000 0.01 0.006666666666666667 588
500000 400 5000000 100000 0.5 0.5 1 1 300 0 1000 0.01 0.03 589
500000 400 5000000 100000 0.5 0.5 1 1 300 0 1000 0.01 0.04 590
500000 400 5000000 100000 0.5 0.5 1 2 300 0 1000 0.01 0 591
500000 400 5000000 100000 0.5 0.5 1 2 300 0 1000 0.01 0.0033333333333333335 592
500000 400 5000000 100000 0.5 0.5 1 2 300 0 1000 0.01 0.006666666666666667 593
500000 400 5000000 100000 0.5 0.5 1 2 300 0 1000 0.01 0.03 594
500000 400 5000000 100000 0.5 0.5 1 2 300 0 1000 0.01 0.04 595
500000 400 5000000 100000 0.5 0.5 2 1 300 0 1000 0.01 0 596
500000 400 5000000 100000 0.5 0.5 2 1 300 0 1000 0.01 0.0033333333333333335 597
500000 400 5000000 100000 0.5 0.5 2 1 300 0 1000 0.01 0.006666666666666667 598
500000 400 5000000 100000 0.5 0.5 2 1 300 0 1000 0.01 0.03 599
500000 400 5000000 100000 0.5 0.5 2 1 300 0 1000 0.01 0.04 600
500000 400 5000000 100000 0.5 0.5 2 2 300 0 1000 0.01 0 601
500000 400 5000000 100000 0.5 0.5 2 2 300 0 1000 0.01 0.0033333333333333335 602
500000 400 5000000 100000 0.5 0.5 2 2 300 0 1000 0.01 0.006666666666666667 603
500000 400 5000000 100000 0.5 0.5 2 2 300 0 1000 0.01 0.03 604
500000 400 5000000 100000 0.5 0.5 2 2 300 0 1000 0.01 0.04 605
500000 400 5000000 100000 0.5 0.5 1 10 300 0 1000 0.01 0 606
500000 400 5000000 100000 0.5 0.5 1 10 300 0 1000 0.01 0.0033333333333333335 607
500000 400 5000000 100000 0.5 0.5 1 10 300 0 1000 0.01 0.006666666666666667 608
500000 400 5000000 100000 0.5 0.5 1 10 300 0 1000 0.01 0.03 609
500000 400 5000000 100000 0.5 0.5 1 10 300 0 1000 0.01 0.04 610
500000 400 5000000 100000 0.5 0.5 10 1 300 0 1000 0.01 0 611
500000 400 5000000 100000 0.5 0.5 10 1 300 0 1000 0.01 0.0033333333333333335 612
500000 400 5000000 100000 0.5 0.5 10 1 300 0 1000 0.01 0.006666666666666667 613
500000 400 5000000 100000 0.5 0.5 10 1 300 0 1000 0.01 0.03 614
500000 400 5000000 100000 0.5 0.5 10 1 300 0 1000 0.01 0.04 615
500000 400 5000000 100000 0.5 0.5 12 6 300 0 1000 0.01 0 616
500000 400 5000000 100000 0.5 0.5 12 6 300 0 1000 0.01 0.0033333333333333335 617
500000 400 5000000 100000 0.5 0.5 12 6 300 0 1000 0.01 0.006666666666666667 618
500000 400 5000000 100000 0.5 0.5 12 6 300 0 1000 0.01 0.03 619
500000 400 5000000 100000 0.5 0.5 12 6 300 0 1000 0.01 0.04 620
500000 400 5000000 100000 0.5 0.5 24 12 300 0 1000 0.01 0 621
500000 400 5000000 100000 0.5 0.5 24 12 300 0 1000 0.01 0.0033333333333333335 622
500000 400 5000000 100000 0.5 0.5 24 12 300 0 1000 0.01 0.006666666666666667 623
500000 400 5000000 100000 0.5 0.5 24 12 300 0 1000 0.01 0.03 624
500000 400 5000000 100000 0.5 0.5 24 12 300 0 1000 0.01 0.04 625
500000 400 5000000 100000 0.5 0.5 50 25 300 0 1000 0.01 0 626
500000 400 5000000 100000 0.5 0.5 50 25 300 0 1000 0.01 0.0033333333333333335 627
500000 400 5000000 100000 0.5 0.5 50 25 300 0 1000 0.01 0.006666666666666667 628
500000 400 5000000 100000 0.5 0.5 50 25 300 0 1000 0.01 0.03 629
500000 400 5000000 100000 0.5 0.5 50 25 300 0 1000 0.01 0.04 630
500000 400 5000000 10000000 0.5 0.5 1 1 300 0 1000 0.01 0 631
500000 400 5000000 10000000 0.5 0.5 1 1 300 0 1000 0.01 0.0033333333333333335 632
500000 400 5000000 10000000 0.5 0.5 1 1 300 0 1000 0.01 0.006666666666666667 633
500000 400 5000000 10000000 0.5 0.5 1 1 300 0 1000 0.01 0.03 634
500000 400 5000000 10000000 0.5 0.5 1 1 300 0 1000 0.01 0.04 635
500000 400 5000000 10000000 0.5 0.5 1 2 300 0 1000 0.01 0 636
500000 400 5000000 10000000 0.5 0.5 1 2 300 0 1000 0.01 0.0033333333333333335 637
500000 400 5000000 10000000 0.5 0.5 1 2 300 0 1000 0.01 0.006666666666666667 638
500000 400 5000000 10000000 0.5 0.5 1 2 300 0 1000 0.01 0.03 639
500000 400 5000000 10000000 0.5 0.5 1 2 300 0 1000 0.01 0.04 640
500000 400 5000000 10000000 0.5 0.5 2 1 300 0 1000 0.01 0 641
500000 400 5000000 10000000 0.5 0.5 2 1 300 0 1000 0.01 0.0033333333333333335 642
500000 400 5000000 10000000 0.5 0.5 2 1 300 0 1000 0.01 0.006666666666666667 643
500000 400 5000000 10000000 0.5 0.5 2 1 300 0 1000 0.01 0.03 644
500000 400 5000000 10000000 0.5 0.5 2 1 300 0 1000 0.01 0.04 645
500000 400 5000000 10000000 0.5 0.5 2 2 300 0 1000 0.01 0 646
500000 400 5000000 10000000 0.5 0.5 2 2 300 0 1000 0.01 0.0033333333333333335 647
500000 400 5000000 10000000 0.5 0.5 2 2 300 0 1000 0.01 0.006666666666666667 648
500000 400 5000000 10000000 0.5 0.5 2 2 300 0 1000 0.01 0.03 649
500000 400 5000000 10000000 0.5 0.5 2 2 300 0 1000 0.01 0.04 650
500000 400 5000000 10000000 0.5 0.5 1 10 300 0 1000 0.01 0 651
500000 400 5000000 10000000 0.5 0.5 1 10 300 0 1000 0.01 0.0033333333333333335 652
500000 400 5000000 10000000 0.5 0.5 1 10 300 0 1000 0.01 0.006666666666666667 653
500000 400 5000000 10000000 0.5 0.5 1 10 300 0 1000 0.01 0.03 654
500000 400 5000000 10000000 0.5 0.5 1 10 300 0 1000 0.01 0.04 655
500000 400 5000000 10000000 0.5 0.5 10 1 300 0 1000 0.01 0 656
500000 400 5000000 10000000 0.5 0.5 10 1 300 0 1000 0.01 0.0033333333333333335 657
500000 400 5000000 10000000 0.5 0.5 10 1 300 0 1000 0.01 0.006666666666666667 658
500000 400 5000000 10000000 0.5 0.5 10 1 300 0 1000 0.01 0.03 659
500000 400 5000000 10000000 0.5 0.5 10 1 300 0 1000 0.01 0.04 660
500000 400 5000000 10000000 0.5 0.5 12 6 300 0 1000 0.01 0 661
500000 400 5000000 10000000 0.5 0.5 12 6 300 0 1000 0.01 0.0033333333333333335 662
500000 400 5000000 10000000 0.5 0.5 12 6 300 0 1000 0.01 0.006666666666666667 663
500000 400 5000000 10000000 0.5 0.5 12 6 300 0 1000 0.01 0.03 664
500000 400 5000000 10000000 0.5 0.5 12 6 300 0 1000 0.01 0.04 665
500000 400 5000000 10000000 0.5 0.5 24 12 300 0 1000 0.01 0 666
500000 400 5000000 10000000 0.5 0.5 24 12 300 0 1000 0.01 0.0033333333333333335 667
500000 400 5000000 10000000 0.5 0.5 24 12 300 0 1000 0.01 0.006666666666666667 668
500000 400 5000000 10000000 0.5 0.5 24 12 300 0 1000 0.01 0.03 669
500000 400 5000000 10000000 0.5 0.5 24 12 300 0 1000 0.01 0.04 670
500000 400 5000000 10000000 0.5 0.5 50 25 300 0 1000 0.01 0 671
500000 400 5000000 10000000 0.5 0.5 50 25 300 0 1000 0.01 0.0033333333333333335 672
500000 400 5000000 10000000 0.5 0.5 50 25 300 0 1000 0.01 0.006666666666666667 673
500000 400 5000000 10000000 0.5 0.5 50 25 300 0 1000 0.01 0.03 674
500000 400 5000000 10000000 0.5 0.5 50 25 300 0 1000 0.01 0.04 675
500000 400 5000000 100000000 0.5 0.5 1 1 300 0 1000 0.01 0 676
500000 400 5000000 100000000 0.5 0.5 1 1 300 0 1000 0.01 0.0033333333333333335 677
500000 400 5000000 100000000 0.5 0.5 1 1 300 0 1000 0.01 0.006666666666666667 678
500000 400 5000000 100000000 0.5 0.5 1 1 300 0 1000 0.01 0.03 679
500000 400 5000000 100000000 0.5 0.5 1 1 300 0 1000 0.01 0.04 680
500000 400 5000000 100000000 0.5 0.5 1 2 300 0 1000 0.01 0 681
500000 400 5000000 100000000 0.5 0.5 1 2 300 0 1000 0.01 0.0033333333333333335 682
500000 400 5000000 100000000 0.5 0.5 1 2 300 0 1000 0.01 0.006666666666666667 683
500000 400 5000000 100000000 0.5 0.5 1 2 300 0 1000 0.01 0.03 684
500000 400 5000000 100000000 0.5 0.5 1 2 300 0 1000 0.01 0.04 685
500000 400 5000000 100000000 0.5 0.5 2 1 300 0 1000 0.01 0 686
500000 400 5000000 100000000 0.5 0.5 2 1 300 0 1000 0.01 0.0033333333333333335 687
500000 400 5000000 100000000 0.5 0.5 2 1 300 0 1000 0.01 0.006666666666666667 688
500000 400 5000000 100000000 0.5 0.5 2 1 300 0 1000 0.01 0.03 689
500000 400 5000000 100000000 0.5 0.5 2 1 300 0 1000 0.01 0.04 690
500000 400 5000000 100000000 0.5 0.5 2 2 300 0 1000 0.01 0 691
500000 400 5000000 100000000 0.5 0.5 2 2 300 0 1000 0.01 0.0033333333333333335 692
500000 400 5000000 100000000 0.5 0.5 2 2 300 0 1000 0.01 0.006666666666666667 693
500000 400 5000000 100000000 0.5 0.5 2 2 300 0 1000 0.01 0.03 694
500000 400 5000000 100000000 0.5 0.5 2 2 300 0 1000 0.01 0.04 695
500000 400 5000000 100000000 0.5 0.5 1 10 300 0 1000 0.01 0 696
500000 400 5000000 100000000 0.5 0.5 1 10 300 0 1000 0.01 0.0033333333333333335 697
500000 400 5000000 100000000 0.5 0.5 1 10 300 0 1000 0.01 0.006666666666666667 698
500000 400 5000000 100000000 0.5 0.5 1 10 300 0 1000 0.01 0.03 699
500000 400 5000000 100000000 0.5 0.5 1 10 300 0 1000 0.01 0.04 700
500000 400 5000000 100000000 0.5 0.5 10 1 300 0 1000 0.01 0 701
500000 400 5000000 100000000 0.5 0.5 10 1 300 0 1000 0.01 0.0033333333333333335 702
500000 400 5000000 100000000 0.5 0.5 10 1 300 0 1000 0.01 0.006666666666666667 703
500000 400 5000000 100000000 0.5 0.5 10 1 300 0 1000 0.01 0.03 704
500000 400 5000000 100000000 0.5 0.5 10 1 300 0 1000 0.01 0.04 705
500000 400 5000000 100000000 0.5 0.5 12 6 300 0 1000 0.01 0 706
500000 400 5000000 100000000 0.5 0.5 12 6 300 0 1000 0.01 0.0033333333333333335 707
500000 400 5000000 100000000 0.5 0.5 12 6 300 0 1000 0.01 0.006666666666666667 708
500000 400 5000000 100000000 0.5 0.5 12 6 300 0 1000 0.01 0.03 709
500000 400 5000000 100000000 0.5 0.5 12 6 300 0 1000 0.01 0.04 710
500000 400 5000000 100000000 0.5 0.5 24 12 300 0 1000 0.01 0 711
500000 400 5000000 100000000 0.5 0.5 24 12 300 0 1000 0.01 0.0033333333333333335 712
500000 400 5000000 100000000 0.5 0.5 24 12 300 0 1000 0.01 0.006666666666666667 713
500000 400 5000000 100000000 0.5 0.5 24 12 300 0 1000 0.01 0.03 714
500000 400 5000000 100000000 0.5 0.5 24 12 300 0 1000 0.01 0.04 715
500000 400 5000000 100000000 0.5 0.5 50 25 300 0 1000 0.01 0 716
500000 400 5000000 100000000 0.5 0.5 50 25 300 0 1000 0.01 0.0033333333333333335 717
500000 400 5000000 100000000 0.5 0.5 50 25 300 0 1000 0.01 0.006666666666666667 718
500000 400 5000000 100000000 0.5 0.5 50 25 300 0 1000 0.01 0.03 719
500000 400 5000000 100000000 0.5 0.5 50 25 300 0 1000 0.01 0.04 720
500000 25 5000000 10000 0.5 0.5 1 1 300 0 1000 0.01 0 721
500000 25 5000000 10000 0.5 0.5 1 1 300 0 1000 0.01 0.0033333333333333335 722
500000 25 5000000 10000 0.5 0.5 1 1 300 0 1000 0.01 0.006666666666666667 723
500000 25 5000000 10000 0.5 0.5 1 1 300 0 1000 0.01 0.03 724
500000 25 5000000 10000 0.5 0.5 1 1 300 0 1000 0.01 0.04 725
500000 25 5000000 10000 0.5 0.5 1 2 300 0 1000 0.01 0 726
500000 25 5000000 10000 0.5 0.5 1 2 300 0 1000 0.01 0.0033333333333333335 727
500000 25 5000000 10000 0.5 0.5 1 2 300 0 1000 0.01 0.006666666666666667 728
500000 25 5000000 10000 0.5 0.5 1 2 300 0 1000 0.01 0.03 729
500000 25 5000000 10000 0.5 0.5 1 2 300 0 1000 0.01 0.04 730
500000 25 5000000 10000 0.5 0.5 2 1 300 0 1000 0.01 0 731
500000 25 5000000 10000 0.5 0.5 2 1 300 0 1000 0.01 0.0033333333333333335 732
500000 25 5000000 10000 0.5 0.5 2 1 300 0 1000 0.01 0.006666666666666667 733
500000 25 5000000 10000 0.5 0.5 2 1 300 0 1000 0.01 0.03 734
500000 25 5000000 10000 0.5 0.5 2 1 300 0 1000 0.01 0.04 735
500000 25 5000000 10000 0.5 0.5 2 2 300 0 1000 0.01 0 736
500000 25 5000000 10000 0.5 0.5 2 2 300 0 1000 0.01 0.0033333333333333335 737
500000 25 5000000 10000 0.5 0.5 2 2 300 0 1000 0.01 0.006666666666666667 738
500000 25 5000000 10000 0.5 0.5 2 2 300 0 1000 0.01 0.03 739
500000 25 5000000 10000 0.5 0.5 2 2 300 0 1000 0.01 0.04 740
500000 25 5000000 10000 0.5 0.5 1 10 300 0 1000 0.01 0 741
500000 25 5000000 10000 0.5 0.5 1 10 300 0 1000 0.01 0.0033333333333333335 742
500000 25 5000000 10000 0.5 0.5 1 10 300 0 1000 0.01 0.006666666666666667 743
500000 25 5000000 10000 0.5 0.5 1 10 300 0 1000 0.01 0.03 744
500000 25 5000000 10000 0.5 0.5 1 10 300 0 1000 0.01 0.04 745
500000 25 5000000 10000 0.5 0.5 10 1 300 0 1000 0.01 0 746
500000 25 5000000 10000 0.5 0.5 10 1 300 0 1000 0.01 0.0033333333333333335 747
500000 25 5000000 10000 0.5 0.5 10 1 300 0 1000 0.01 0.006666666666666667 748
500000 25 5000000 10000 0.5 0.5 10 1 300 0 1000 0.01 0.03 749
500000 25 5000000 10000 0.5 0.5 10 1 300 0 1000 0.01 0.04 750
500000 25 5000000 10000 0.5 0.5 12 6 300 0 1000 0.01 0 751
500000 25 5000000 10000 0.5 0.5 12 6 300 0 1000 0.01 0.0033333333333333335 752
500000 25 5000000 10000 0.5 0.5 12 6 300 0 1000 0.01 0.006666666666666667 753
500000 25 5000000 10000 0.5 0.5 12 6 300 0 1000 0.01 0.03 754
500000 25 5000000 10000 0.5 0.5 12 6 300 0 1000 0.01 0.04 755
500000 25 5000000 10000 0.5 0.5 24 12 300 0 1000 0.01 0 756
500000 25 5000000 10000 0.5 0.5 24 12 300 0 1000 0.01 0.0033333333333333335 757
500000 25 5000000 10000 0.5 0.5 24 12 300 0 1000 0.01 0.006666666666666667 758
500000 25 5000000 10000 0.5 0.5 24 12 300 0 1000 0.01 0.03 759
500000 25 5000000 10000 0.5 0.5 24 12 300 0 1000 0.01 0.04 760
500000 25 5000000 10000 0.5 0.5 50 25 300 0 1000 0.01 0 761
500000 25 5000000 10000 0.5 0.5 50 25 300 0 1000 0.01 0.0033333333333333335 762
500000 25 5000000 10000 0.5 0.5 50 25 300 0 1000 0.01 0.006666666666666667 763
500000 25 5000000 10000 0.5 0.5 50 25 300 0 1000 0.01 0.03 764
500000 25 5000000 10000 0.5 0.5 50 25 300 0 1000 0.01 0.04 765
500000 25 5000000 100000 0.5 0.5 1 1 300 0 1000 0.01 0 766
500000 25 5000000 100000 0.5 0.5 1 1 300 0 1000 0.01 0.0033333333333333335 767
500000 25 5000000 100000 0.5 0.5 1 1 300 0 1000 0.01 0.006666666666666667 768
500000 25 5000000 100000 0.5 0.5 1 1 300 0 1000 0.01 0.03 769
500000 25 5000000 100000 0.5 0.5 1 1 300 0 1000 0.01 0.04 770
500000 25 5000000 100000 0.5 0.5 1 2 300 0 1000 0.01 0 771
500000 25 5000000 100000 0.5 0.5 1 2 300 0 1000 0.01 0.0033333333333333335 772
500000 25 5000000 100000 0.5 0.5 1 2 300 0 1000 0.01 0.006666666666666667 773
500000 25 5000000 100000 0.5 0.5 1 2 300 0 1000 0.01 0.03 774
500000 25 5000000 100000 0.5 0.5 1 2 300 0 1000 0.01 0.04 775
500000 25 5000000 100000 0.5 0.5 2 1 300 0 1000 0.01 0 776
500000 25 5000000 100000 0.5 0.5 2 1 300 0 1000 0.01 0.0033333333333333335 777
500000 25 5000000 100000 0.5 0.5 2 1 300 0 1000 0.01 0.006666666666666667 778
500000 25 5000000 100000 0.5 0.5 2 1 300 0 1000 0.01 0.03 779
500000 25 5000000 100000 0.5 0.5 2 1 300 0 1000 0.01 0.04 780
500000 25 5000000 100000 0.5 0.5 2 2 300 0 1000 0.01 0 781
500000 25 5000000 100000 0.5 0.5 2 2 300 0 1000 0.01 0.0033333333333333335 782
500000 25 5000000 100000 0.5 0.5 2 2 300 0 1000 0.01 0.006666666666666667 783
500000 25 5000000 100000 0.5 0.5 2 2 300 0 1000 0.01 0.03 784
500000 25 5000000 100000 0.5 0.5 2 2 300 0 1000 0.01 0.04 785
500000 25 5000000 100000 0.5 0.5 1 10 300 0 1000 0.01 0 786
500000 25 5000000 100000 0.5 0.5 1 10 300 0 1000 0.01 0.0033333333333333335 787
500000 25 5000000 100000 0.5 0.5 1 10 300 0 1000 0.01 0.006666666666666667 788
500000 25 5000000 100000 0.5 0.5 1 10 300 0 1000 0.01 0.03 789
500000 25 5000000 100000 0.5 0.5 1 10 300 0 1000 0.01 0.04 790
500000 25 5000000 100000 0.5 0.5 10 1 300 0 1000 0.01 0 791
500000 25 5000000 100000 0.5 0.5 10 1 300 0 1000 0.01 0.0033333333333333335 792
500000 25 5000000 100000 0.5 0.5 10 1 300 0 1000 0.01 0.006666666666666667 793
500000 25 5000000 100000 0.5 0.5 10 1 300 0 1000 0.01 0.03 794
500000 25 5000000 100000 0.5 0.5 10 1 300 0 1000 0.01 0.04 795
500000 25 5000000 100000 0.5 0.5 12 6 300 0 1000 0.01 0 796
500000 25 5000000 100000 0.5 0.5 12 6 300 0 1000 0.01 0.0033333333333333335 797
500000 25 5000000 100000 0.5 0.5 12 6 300 0 1000 0.01 0.006666666666666667 798
500000 25 5000000 100000 0.5 0.5 12 6 300 0 1000 0.01 0.03 799
500000 25 5000000 100000 0.5 0.5 12 6 300 0 1000 0.01 0.04 800
500000 25 5000000 100000 0.5 0.5 24 12 300 0 1000 0.01 0 801
500000 25 5000000 100000 0.5 0.5 24 12 300 0 1000 0.01 0.0033333333333333335 802
500000 25 5000000 100000 0.5 0.5 24 12 300 0 1000 0.01 0.006666666666666667 803
500000 25 5000000 100000 0.5 0.5 24 12 300 0 1000 0.01 0.03 804
500000 25 5000000 100000 0.5 0.5 24 12 300 0 1000 0.01 0.04 805
500000 25 5000000 100000 0.5 0.5 50 25 300 0 1000 0.01 0 806
500000 25 5000000 100000 0.5 0.5 50 25 300 0 1000 0.01 0.0033333333333333335 807
500000 25 5000000 100000 0.5 0.5 50 25 300 0 1000 0.01 0.006666666666666667 808
500000 25 5000000 100000 0.5 0.5 50 25 300 0 1000 0.01 0.03 809
500000 25 5000000 100000 0.5 0.5 50 25 300 0 1000 0.01 0.04 810
500000 25 5000000 10000000 0.5 0.5 1 1 300 0 1000 0.01 0 811
500000 25 5000000 10000000 0.5 0.5 1 1 300 0 1000 0.01 0.0033333333333333335 812
500000 25 5000000 10000000 0.5 0.5 1 1 300 0 1000 0.01 0.006666666666666667 813
500000 25 5000000 10000000 0.5 0.5 1 1 300 0 1000 0.01 0.03 814
500000 25 5000000 10000000 0.5 0.5 1 1 300 0 1000 0.01 0.04 815
500000 25 5000000 10000000 0.5 0.5 1 2 300 0 1000 0.01 0 816
500000 25 5000000 10000000 0.5 0.5 1 2 300 0 1000 0.01 0.0033333333333333335 817
500000 25 5000000 10000000 0.5 0.5 1 2 300 0 1000 0.01 0.006666666666666667 818
500000 25 5000000 10000000 0.5 0.5 1 2 300 0 1000 0.01 0.03 819
500000 25 5000000 10000000 0.5 0.5 1 2 300 0 1000 0.01 0.04 820
500000 25 5000000 10000000 0.5 0.5 2 1 300 0 1000 0.01 0 821
500000 25 5000000 10000000 0.5 0.5 2 1 300 0 1000 0.01 0.0033333333333333335 822
500000 25 5000000 10000000 0.5 0.5 2 1 300 0 1000 0.01 0.006666666666666667 823
500000 25 5000000 10000000 0.5 0.5 2 1 300 0 1000 0.01 0.03 824
500000 25 5000000 10000000 0.5 0.5 2 1 300 0 1000 0.01 0.04 825
500000 25 5000000 10000000 0.5 0.5 2 2 300 0 1000 0.01 0 826
500000 25 5000000 10000000 0.5 0.5 2 2 300 0 1000 0.01 0.0033333333333333335 827
500000 25 5000000 10000000 0.5 0.5 2 2 300 0 1000 0.01 0.006666666666666667 828
500000 25 5000000 10000000 0.5 0.5 2 2 300 0 1000 0.01 0.03 829
500000 25 5000000 10000000 0.5 0.5 2 2 300 0 1000 0.01 0.04 830
500000 25 5000000 10000000 0.5 0.5 1 10 300 0 1000 0.01 0 831
500000 25 5000000 10000000 0.5 0.5 1 10 300 0 1000 0.01 0.0033333333333333335 832
500000 25 5000000 10000000 0.5 0.5 1 10 300 0 1000 0.01 0.006666666666666667 833
500000 25 5000000 10000000 0.5 0.5 1 10 300 0 1000 0.01 0.03 834
500000 25 5000000 10000000 0.5 0.5 1 10 300 0 1000 0.01 0.04 835
500000 25 5000000 10000000 0.5 0.5 10 1 300 0 1000 0.01 0 836
500000 25 5000000 10000000 0.5 0.5 10 1 300 0 1000 0.01 0.0033333333333333335 837
500000 25 5000000 10000000 0.5 0.5 10 1 300 0 1000 0.01 0.006666666666666667 838
500000 25 5000000 10000000 0.5 0.5 10 1 300 0 1000 0.01 0.03 839
500000 25 5000000 10000000 0.5 0.5 10 1 300 0 1000 0.01 0.04 840
500000 25 5000000 10000000 0.5 0.5 12 6 300 0 1000 0.01 0 841
500000 25 5000000 10000000 0.5 0.5 12 6 300 0 1000 0.01 0.0033333333333333335 842
500000 25 5000000 10000000 0.5 0.5 12 6 300 0 1000 0.01 0.006666666666666667 843
500000 25 5000000 10000000 0.5 0.5 12 6 300 0 1000 0.01 0.03 844
500000 25 5000000 10000000 0.5 0.5 12 6 300 0 1000 0.01 0.04 845
500000 25 5000000 10000000 0.5 0.5 24 12 300 0 1000 0.01 0 846
500000 25 5000000 10000000 0.5 0.5 24 12 300 0 1000 0.01 0.0033333333333333335 847
500000 25 5000000 10000000 0.5 0.5 24 12 300 0 1000 0.01 0.006666666666666667 848
500000 25 5000000 10000000 0.5 0.5 24 12 300 0 1000 0.01 0.03 849
500000 25 5000000 10000000 0.5 0.5 24 12 300 0 1000 0.01 0.04 850
500000 25 5000000 10000000 0.5 0.5 50 25 300 0 1000 0.01 0 851
500000 25 5000000 10000000 0.5 0.5 50 25 300 0 1000 0.01 0.0033333333333333335 852
500000 25 5000000 10000000 0.5 0.5 50 25 300 0 1000 0.01 0.006666666666666667 853
500000 25 5000000 10000000 0.5 0.5 50 25 300 0 1000 0.01 0.03 854
500000 25 5000000 10000000 0.5 0.5 50 25 300 0 1000 0.01 0.04 855
500000 25 5000000 100000000 0.5 0.5 1 1 300 0 1000 0.01 0 856
500000 25 5000000 100000000 0.5 0.5 1 1 300 0 1000 0.01 0.0033333333333333335 857
500000 25 5000000 100000000 0.5 0.5 1 1 300 0 1000 0.01 0.006666666666666667 858
500000 25 5000000 100000000 0.5 0.5 1 1 300 0 1000 0.01 0.03 859
500000 25 5000000 100000000 0.5 0.5 1 1 300 0 1000 0.01 0.04 860
500000 25 5000000 100000000 0.5 0.5 1 2 300 0 1000 0.01 0 861
500000 25 5000000 100000000 0.5 0.5 1 2 300 0 1000 0.01 0.0033333333333333335 862
500000 25 5000000 100000000 0.5 0.5 1 2 300 0 1000 0.01 0.006666666666666667 863
500000 25 5000000 100000000 0.5 0.5 1 2 300 0 1000 0.01 0.03 864
500000 25 5000000 100000000 0.5 0.5 1 2 300 0 1000 0.01 0.04 865
500000 25 5000000 100000000 0.5 0.5 2 1 300 0 1000 0.01 0 866
500000 25 5000000 100000000 0.5 0.5 2 1 300 0 1000 0.01 0.0033333333333333335 867
500000 25 5000000 100000000 0.5 0.5 2 1 300 0 1000 0.01 0.006666666666666667 868
500000 25 5000000 100000000 0.5 0.5 2 1 300 0 1000 0.01 0.03 869
500000 25 5000000 100000000 0.5 0.5 2 1 300 0 1000 0.01 0.04 870
500000 25 5000000 100000000 0.5 0.5 2 2 300 0 1000 0.01 0 871
500000 25 5000000 100000000 0.5 0.5 2 2 300 0 1000 0.01 0.0033333333333333335 872
500000 25 5000000 100000000 0.5 0.5 2 2 300 0 1000 0.01 0.006666666666666667 873
500000 25 5000000 100000000 0.5 0.5 2 2 300 0 1000 0.01 0.03 874
500000 25 5000000 100000000 0.5 0.5 2 2 300 0 1000 0.01 0.04 875
500000 25 5000000 100000000 0.5 0.5 1 10 300 0 1000 0.01 0 876
500000 25 5000000 100000000 0.5 0.5 1 10 300 0 1000 0.01 0.0033333333333333335 877
500000 25 5000000 100000000 0.5 0.5 1 10 300 0 1000 0.01 0.006666666666666667 878
500000 25 5000000 100000000 0.5 0.5 1 10 300 0 1000 0.01 0.03 879
500000 25 5000000 100000000 0.5 0.5 1 10 300 0 1000 0.01 0.04 880
500000 25 5000000 100000000 0.5 0.5 10 1 300 0 1000 0.01 0 881
500000 25 5000000 100000000 0.5 0.5 10 1 300 0 1000 0.01 0.0033333333333333335 882
500000 25 5000000 100000000 0.5 0.5 10 1 300 0 1000 0.01 0.006666666666666667 883
500000 25 5000000 100000000 0.5 0.5 10 1 300 0 1000 0.01 0.03 884
500000 25 5000000 100000000 0.5 0.5 10 1 300 0 1000 0.01 0.04 885
500000 25 5000000 100000000 0.5 0.5 12 6 300 0 1000 0.01 0 886
500000 25 5000000 100000000 0.5 0.5 12 6 300 0 1000 0.01 0.0033333333333333335 887
500000 25 5000000 100000000 0.5 0.5 12 6 300 0 1000 0.01 0.006666666666666667 888
500000 25 5000000 100000000 0.5 0.5 12 6 300 0 1000 0.01 0.03 889
500000 25 5000000 100000000 0.5 0.5 12 6 300 0 1000 0.01 0.04 890
500000 25 5000000 100000000 0.5 0.5 24 12 300 0 1000 0.01 0 891
500000 25 5000000 100000000 0.5 0.5 24 12 300 0 1000 0.01 0.0033333333333333335 892
500000 25 5000000 100000000 0.5 0.5 24 12 300 0 1000 0.01 0.006666666666666667 893
500000 25 5000000 100000000 0.5 0.5 24 12 300 0 1000 0.01 0.03 894
500000 25 5000000 100000000 0.5 0.5 24 12 300 0 1000 0.01 0.04 895
500000 25 5000000 100000000 0.5 0.5 50 25 300 0 1000 0.01 0 896
500000 25 5000000 100000000 0.5 0.5 50 25 300 0 1000 0.01 0.0033333333333333335 897
500000 25 5000000 100000000 0.5 0.5 50 25 300 0 1000 0.01 0.006666666666666667 898
500000 25 5000000 100000000 0.5 0.5 50 25 300 0 1000 0.01 0.03 899
500000 25 5000000 100000000 0.5 0.5 50 25 300 0 1000 0.01 0.04 900